0.092454
-0.005245
-0.103583
-0.022681
-0.016679
0.035066
-0.123023
-0.072056
-0.003909
0.039619
0.107173
-0.020362
-0.098193
-0.154497
0.004484
0.040469
0.084801
0.006238
0.003816
0.037475
-0.031694
0.037472
-0.111805
-0.036104
-0.046667
0.029222
0.113917
-0.039913
0.045993
0.030329
-0.087780
0.003840
-0.093936
-0.003533
-0.011984
0.039724
-0.096107
-0.011536
-0.008793
0.034967
0.010122
0.035505
0.108389
-0.022963
-0.102227
-0.019852
-0.011918
0.035020
0.070443
0.016155
0.037284
0.032932
-0.072476
0.013831
0.106923
-0.019179
-0.050813
0.025413
-0.018258
0.035046
-0.118757
-0.058937
0.051935
0.026978
0.042430
0.032490
-0.054930
0.025474
0.054073
0.028121
-0.014466
0.037180
-0.013563
0.035572
-0.109081
-0.033523
-0.045026
-0.196368
-0.006553
0.035716
-0.108873
-0.026936
0.069720
0.016675
0.032262
0.036269
-0.088416
-0.002462
-0.019337
0.033463
-0.113869
-0.034487
-0.019244
0.034009
0.111534
-0.040216
-0.112863
-0.038532
0.015769
0.036985
0.034211
0.031529
-0.005132
0.035799
-0.088523
-0.002632
-0.023815
0.035463
-0.115831
-0.042749
-0.011967
0.036315
-0.060203
-0.189590
-0.042053
-0.197579
-0.036679
0.029644
-0.109729
-0.032661
0.098972
-0.013502
-0.078824
0.006786
-0.016174
0.038066
0.088203
-0.001015
-0.023802
0.035397
-0.111912
-0.034200
0.028032
0.034379
-0.068536
0.015252
-0.014242
0.039122
-0.103454
-0.022315
-0.023611
0.035908
0.111908
-0.032132
