-0.092724
-0.008257
0.086704
-0.001986
-0.016594
0.035355
-0.008076
0.036090
0.083100
0.002850
-0.100964
-0.019417
0.074949
0.009505
-0.100476
-0.017696
0.022454
0.033827
-0.061372
0.019005
-0.107800
-0.027962
0.119521
-0.069684
0.053568
0.025196
-0.120379
-0.063506
0.113357
-0.045326
0.026161
0.033392
-0.076031
0.009445
0.028216
0.033741
-0.090230
-0.005738
0.078431
0.006675
-0.004643
0.036605
0.052400
0.023693
-0.046381
0.026540
0.100611
-0.019261
-0.105463
-0.025086
0.015119
0.034864
-0.062070
0.018218
-0.087681
-0.001486
0.006715
0.035653
0.098960
-0.015491
0.019932
0.035519
-0.070310
0.012613
-0.110614
-0.033364
0.032749
0.031482
0.045799
0.029029
-0.084246
0.001297
0.005001
0.035183
0.106394
-0.027566
-0.107822
-0.031009
0.046139
0.027482
-0.088198
0.000001
-0.001379
0.035844
-0.049324
0.024591
0.074916
0.010910
-0.050728
0.024672
0.047176
0.026055
0.013509
0.035797
-0.097321
-0.013746
-0.068962
0.013629
0.115256
-0.049576
-0.070307
0.012833
-0.042129
0.027422
-0.079718
0.005526
0.098233
-0.011002
0.094966
-0.011459
0.000998
0.035876
-0.092515
-0.005511
0.054032
0.022398
0.096214
-0.011309
-0.111362
-0.039842
0.029830
0.031689
-0.083440
0.002089
-0.069599
0.014391
0.112186
-0.041604
-0.039823
0.028425
0.044985
0.028231
-0.004659
0.035278
-0.060749
0.020753
-0.102884
-0.020348
-0.092331
-0.006484
0.047893
0.026398
-0.047589
0.026151
