trial	targetangle_deg	arcangle_deg	homex_cm	homey_cm	handx_cm	handy_cm	tapx_cm	tapy_cm	block	time_ms	selected
46	140.39	130	0	0	-9.2724	7.6743	-9.1398	6.1253	1	8427	1
47	43.754	50	0	0	8.6704	8.3014	8.6057	7.53	1	19680	1
48	97.85	90	0	0	-1.6594	12.035	-0.58861	11.687	1	7051	1
49	93.816	90	0	0	-0.8076	12.109	0.93583	11.515	1	7756	1
50	46.592	50	0	0	8.31	8.785	8.9868	7.3007	1	9855	1
51	146.99	130	0	0	-10.096	6.5583	-9.4733	6.8707	1	6792	1
52	51.583	50	0	0	7.4949	9.4505	9.3203	6.498	1	4460	1
53	146.18	130	0	0	-10.048	6.7304	-9.64	6.412	1	7625	1
54	79.299	90	0	0	2.2454	11.883	3.8894	11.515	1	3752	1
55	120.54	90	0	0	-6.1372	10.401	-5.2572	10.397	1	4548	1
56	152.12	130	0	0	-10.78	5.7038	-7.3295	8.648	1	5121	1
57	7.3024	50	0	0	11.952	1.5316	10.654	5.0933	1	5722	1
58	64.075	90	0	0	5.3568	11.02	4.8899	9.9953	1	5204	1
59	169.88	130	0	0	-12.038	2.1494	-10.855	4.4627	1	4862	1
60	19.29	50	0	0	11.336	3.9674	11.369	4.0613	1	4812	1
61	77.54	50	0	0	2.6161	11.839	4.7708	10.225	1	5028	1
62	128.84	130	0	0	-7.6031	9.4445	-5.281	10.081	1	4688	1
63	76.633	90	0	0	2.8216	11.874	3.2701	10.941	1	4888	1
118	138.7	130	0	0	-9.023	7.9262	-9.2351	7.272	2	6648	1
119	49.452	50	0	0	7.8431	9.1675	9.0106	7.5013	2	4505	1
120	92.187	90	0	0	-0.4643	12.16	-0.46952	11.887	2	4255	1
121	64.262	90	0	0	5.24	10.869	4.604	10.368	2	4223	1
122	112.58	130	0	0	-4.6381	11.154	-4.3283	10.741	2	4806	1
123	33.161	50	0	0	10.061	6.5739	9.9634	5.552	2	5000	1
124	150.4	130	0	0	-10.546	5.9914	-10.95	4.3767	2	4586	1
125	82.811	50	0	0	1.5119	11.986	4.2467	10.368	2	4200	1
126	121.02	90	0	0	-6.207	10.322	-3.2088	10.97	2	4434	1
127	136.39	130	0	0	-8.7681	8.3514	-5.5907	9.8233	2	3798	1
128	86.814	90	0	0	0.6715	12.065	3.6751	11.572	2	4258	1
129	35.084	50	0	0	9.896	6.9509	9.7967	6.3833	2	3896	1
130	80.609	50	0	0	1.9932	12.052	5.3186	10.855	2	3768	1
131	125.76	90	0	0	-7.031	9.7613	-4.8523	9.7087	2	4544	1
132	154.98	130	0	0	-11.061	5.1636	-11.093	4.8353	2	3639	1
133	74.297	90	0	0	3.2749	11.648	4.5564	10.282	2	4032	1
134	68.117	50	0	0	4.5799	11.403	5.9856	10.139	2	3804	1
135	134.31	130	0	0	-8.4246	8.6297	-7.8774	7.9027	2	2943	1
190	87.617	90	0	0	0.5001	12.018	0.17361	12.059	3	4309	1
191	28.361	50	0	0	10.639	5.7434	10.63	5.2653	3	4159	1
192	153.4	130	0	0	-10.782	5.3991	-10.593	4.4627	3	3538	1
193	67.697	50	0	0	4.6139	11.248	6.7001	9.7087	3	4240	1
194	136.06	130	0	0	-8.8198	8.5001	-8.6396	8.39	3	3679	1
195	90.654	90	0	0	-0.1379	12.084	0.69764	12.059	3	5228	1
196	114.23	90	0	0	-4.9324	10.959	-2.8991	10.884	3	4184	1
197	52.006	50	0	0	7.4916	9.591	6.5572	9.594	3	4254	1
198	114.82	130	0	0	-5.0728	10.967	-3.8042	11.601	3	4270	1
199	66.984	90	0	0	4.7176	11.105	4.7708	10.454	3	4970	1
200	83.619	50	0	0	1.3509	12.08	2.9128	10.769	3	4330	1
201	143.79	130	0	0	-9.7321	7.1254	-8.2585	8.562	3	3602	1
202	124.96	130	0	0	-6.8962	9.8629	-4.1377	10.683	3	3981	1
203	17.085	50	0	0	11.526	3.5424	10.702	5.4947	3	4275	1
204	125.7	90	0	0	-7.0307	9.7833	-4.8999	9.7373	3	3819	1
205	110.54	90	0	0	-4.2129	11.242	-2.8038	11.343	3	3573	1
206	131.37	130	0	0	-7.9718	9.0526	-6.4006	9.5653	3	4149	1
207	36.99	50	0	0	9.8233	7.3998	11.083	4.09	3	4359	1
262	37.754	50	0	0	9.4966	7.3541	8.5581	7.6447	4	3581	1
263	89.527	90	0	0	0.0998	12.088	0.69764	11.859	4	3930	1
264	139.33	130	0	0	-9.2515	7.9489	-8.1632	8.5333	4	3698	1
265	63.293	90	0	0	5.4032	10.74	4.4373	10.913	4	4153	1
266	37.449	50	0	0	9.6214	7.3691	9.1535	6.6413	4	4605	1
267	157.93	130	0	0	-11.136	4.5158	-10.64	5.38	4	5486	1
268	75.66	50	0	0	2.983	11.669	4.7708	10.081	4	4713	1
269	133.77	130	0	0	-8.344	8.7089	-6.21	10.024	4	3660	1
270	125	90	0	0	-6.9599	9.9391	-3.2326	10.855	4	3946	1
271	21.148	50	0	0	11.219	4.3396	10.988	4.0327	4	3577	1
272	109.35	130	0	0	-3.9823	11.342	-2.4465	11.199	4	3737	1
273	68.333	90	0	0	4.4985	11.323	5.2233	9.9953	4	3657	1
274	92.218	50	0	0	-0.4659	12.028	2.6747	11.801	4	3825	1
275	119.87	90	0	0	-6.0749	10.575	-5.5907	10.511	4	3711	1
276	147.85	130	0	0	-10.288	6.4652	-11.093	4.348	4	3243	1
277	139.62	130	0	0	-9.2331	7.8516	-10.116	6.8133	4	4245	1
278	66.736	50	0	0	4.7893	11.14	4.8184	10.196	4	4199	1
279	113.18	90	0	0	-4.7589	11.115	-3.8281	10.855	4	3553	1
