-0.049564
0.024610
-0.097696
-0.015197
-0.026495
0.032407
-0.076888
0.007143
0.064422
0.016967
-0.081372
0.005889
-0.007878
0.037157
0.065453
0.015904
-0.076477
0.008061
-0.009439
0.035494
-0.085191
0.000648
-0.013827
0.034349
0.070197
0.012507
-0.014566
0.034236
0.074561
0.009428
-0.082243
0.003205
-0.084331
0.002111
0.071165
0.012111
0.014652
0.035953
-0.092827
-0.008820
0.042661
0.028260
0.031212
0.032821
-0.036570
0.030023
-0.073132
0.010265
0.052543
0.025972
-0.033110
0.030407
0.064331
0.016326
0.017076
0.034656
0.037905
0.031487
-0.001732
0.035845
-0.054667
0.022293
-0.082258
0.002773
0.024074
0.034115
0.021680
0.034252
0.071388
0.013173
-0.027559
0.034422
-0.100431
-0.016743
0.088914
0.000962
-0.098178
-0.010747
-0.012754
0.036299
-0.094322
-0.006780
0.050325
0.026365
-0.024203
0.036093
-0.012643
0.036459
-0.030578
0.034306
0.096278
-0.008355
-0.083542
0.002473
0.000462
0.035163
-0.016927
0.033877
-0.072301
0.011141
0.060220
0.025514
0.050374
0.028003
-0.025121
0.035418
0.076915
0.008863
-0.083155
0.002578
-0.073331
0.010914
0.091074
-0.004765
-0.001724
0.036558
0.064664
0.016992
-0.024207
0.034346
-0.029962
0.032275
0.100819
-0.018931
-0.036008
0.030826
-0.054113
0.022564
-0.076844
0.009667
0.019058
0.035782
0.065616
0.020099
0.045673
0.031238
-0.007804
0.036313
-0.064408
0.017155
