-0.038713
0.029831
-0.100468
-0.015927
0.057055
0.023079
0.020598
0.036123
-0.070086
0.015169
-0.081828
0.003896
-0.069093
0.016101
-0.056751
0.021301
0.107879
-0.026889
0.019434
0.038421
-0.057900
0.022679
-0.092770
-0.007428
0.047953
0.026306
-0.070441
0.014641
0.023759
0.034813
-0.077212
0.007587
0.057314
0.024698
-0.040270
0.028967
-0.097238
-0.006843
-0.008370
0.037650
0.021102
0.034620
0.115744
-0.051831
-0.063050
0.021043
-0.078603
0.008068
-0.036095
0.029834
-0.079470
0.004936
0.069495
0.015892
-0.081618
0.008163
0.030160
0.033543
-0.027847
0.033789
-0.037649
0.030473
-0.007202
0.037278
-0.096495
-0.010692
0.087502
0.002842
-0.084406
0.003422
0.013253
0.035306
0.043395
0.027958
0.022306
0.033499
-0.084354
0.000570
0.064439
0.020421
-0.079028
0.006437
-0.075904
0.008867
-0.047366
0.026422
0.067767
0.014886
-0.002498
0.034974
0.014180
0.036395
-0.093378
-0.008256
-0.020214
0.034590
-0.012599
0.034645
0.020074
0.035653
-0.030366
0.032553
0.033557
0.031396
-0.080311
0.007593
0.019364
0.035533
0.047575
0.025766
-0.089495
-0.004370
0.059235
0.023505
-0.065168
0.018150
-0.088910
0.000684
0.074511
0.015326
0.049775
0.024372
-0.062368
0.020626
0.038185
0.032052
0.087908
-0.002470
-0.061931
0.018300
0.014771
0.034500
-0.008202
0.035477
-0.099148
-0.013325
0.002807
0.037632
0.074423
0.014874
-0.118144
-0.052581
0.036459
0.029374
