trial	targetangle_deg	arcangle_deg	homex_cm	homey_cm	handx_cm	handy_cm	tapx_cm	tapy_cm	block	time_ms	selected
91	74.322	50	0	0	3.2501	11.579	9.4735	8.5973	1	3779	0
92	157.64	130	0	0	-11.185	4.6015	-8.7722	10.747	1	2519	1
93	100.06	90	0	0	-2.1134	11.907	-0.0066694	13.671	1	2848	0
94	44.197	50	0	0	8.663	8.4235	11.665	11.235	1	2703	1
95	148.66	130	0	0	-10.355	6.3056	-10.011	13.671	1	2419	0
96	99.259	90	0	0	-1.9439	11.924	0.18389	13.671	1	2559	0
97	44.996	50	0	0	8.6443	8.6431	12.689	8.9127	1	2399	1
98	148.79	130	0	0	-10.426	6.3166	-9.9394	10.891	1	2619	1
99	105.65	90	0	0	-3.2696	11.667	-4.3894	12.983	1	3062	1
100	48.69	50	0	0	7.9814	9.0818	8.878	1.6887	1	2639	1
101	153.15	130	0	0	-10.867	5.5005	-9.5583	4.24	1	2819	1
102	99.078	90	0	0	-1.8937	11.852	-0.69743	6.3327	1	2539	1
103	99.337	90	0	0	-1.9563	11.899	-0.81653	6.4187	1	2779	1
104	36.843	50	0	0	9.6963	7.2651	10.402	6.5047	1	2460	1
105	153.39	130	0	0	-10.732	5.3766	-11.654	5.358	1	2620	1
106	32.477	50	0	0	10.27	6.537	12.237	2.0327	1	2620	1
107	99.896	90	0	0	-2.0713	11.873	0.16007	10.633	1	2719	1
108	152.4	130	0	0	-10.821	5.6575	-10.773	6.1607	1	2500	1
235	156.11	130	0	0	-11.195	4.9587	-11.654	7.594	2	3499	1
236	44.866	50	0	0	8.6717	8.6313	7.2344	7.2213	2	2599	1
237	106.15	90	0	0	-3.3704	11.64	-1.2929	11.464	2	2699	1
238	102.25	90	0	0	-2.5577	11.782	-1.1262	9.6293	2	2519	1
239	35.015	50	0	0	9.9992	7.0054	7.6632	2.778	2	2659	1
240	159.21	130	0	0	-11.313	4.2948	-9.0581	6.734	2	2441	1
241	152.79	130	0	0	-10.673	5.4873	-8.6531	7.5367	2	2759	1
242	101.64	90	0	0	-2.4649	11.965	-2.5077	9.572	2	3701	1
243	35.706	50	0	0	9.9504	7.1517	7.8299	4.0393	2	2739	1
244	160.45	130	0	0	-11.47	4.0721	-12.131	6.9347	2	2499	1
245	102.18	90	0	0	-2.55	11.817	-1.412	10.002	2	2359	1
246	41.462	50	0	0	9.0391	7.9865	7.4965	4.756	2	2280	1
247	99.406	90	0	0	-1.9966	12.052	-0.98327	9.5147	2	2379	1
248	149.68	130	0	0	-10.457	6.1167	-9.463	7.3073	2	2239	1
249	33.524	50	0	0	10.04	6.6515	5.9958	3.8673	2	2319	1
250	99.007	90	0	0	-1.8867	11.903	-1.8169	9.8873	2	2640	1
251	151.97	130	0	0	-10.609	5.6474	-9.6774	6.82	2	2140	1
252	38.062	50	0	0	9.5153	7.4507	7.3059	4.068	2	2179	1
379	141.75	130	0	0	-9.5655	7.5399	-11.297	6.5047	3	3480	1
380	107.41	90	0	0	-3.641	11.611	-1.8408	10.661	3	2699	1
381	39.213	50	0	0	9.4015	7.6713	8.0681	4.9567	3	2279	1
382	42.434	50	0	0	8.9621	8.1934	7.949	5.5587	3	2380	1
383	101.18	90	0	0	-2.3438	11.857	-0.2925	11.235	3	2640	1
384	156.74	130	0	0	-11.184	4.8063	-8.7722	6.0173	3	2505	1
385	96.676	90	0	0	-1.4102	12.049	-0.10195	12.267	3	2639	1
386	37.287	50	0	0	9.7555	7.4281	8.5207	2.2047	3	2439	1
387	153.47	130	0	0	-10.915	5.4495	-9.2963	7.1927	3	2639	1
388	40.532	50	0	0	9.1815	7.8505	8.3301	4.9567	3	2339	1
389	153.09	130	0	0	-10.741	5.4512	-9.0581	8.626	3	2339	1
390	97.567	90	0	0	-1.581	11.901	-0.17341	12.066	3	2440	1
391	40.323	50	0	0	9.3106	7.9023	10.712	7.0207	3	2339	1
392	152.8	130	0	0	-10.804	5.5519	-11.631	7.8807	3	2319	1
393	104.86	90	0	0	-3.1195	11.759	-0.76889	10.977	3	2479	1
394	105.66	90	0	0	-3.2505	11.595	-0.45924	10.203	3	2579	1
395	148.64	130	0	0	-10.369	6.3197	-10.416	6.0173	3	2339	1
396	36.098	50	0	0	9.7409	7.1026	9.3782	2.52	3	2419	1
523	52.97	50	0	0	7.3349	9.7233	7.0915	5.3007	4	3480	1
524	153.21	130	0	0	-10.742	5.425	-10.987	6.5907	4	2460	1
525	100.83	90	0	0	-2.2944	11.991	-2.9603	9.8873	4	2260	1
526	40.618	50	0	0	9.3185	7.992	6.6866	4.4693	4	2140	1
527	147.66	130	0	0	-10.172	6.4415	-10.987	7.9953	4	2099	1
528	96.915	90	0	0	-1.459	12.03	-2.4601	9.8873	4	2419	1
529	152.33	130	0	0	-10.809	5.6673	-10.845	6.8487	4	2399	1
530	47.55	50	0	0	8.1472	8.9068	5.0192	6.046	4	2399	1
531	103.63	90	0	0	-2.841	11.714	-2.9126	9.9733	4	2339	1
532	99.415	90	0	0	-1.9811	11.948	-1.8408	9.0847	4	2399	1
533	152.23	130	0	0	-10.64	5.6025	-10.845	5.9887	4	2359	1
534	39.939	50	0	0	9.2621	7.7551	6.4008	4.8707	4	2279	1
535	45.723	50	0	0	8.5411	8.7593	6.8533	4.326	4	2394	1
536	99.808	90	0	0	-2.062	11.928	-1.4597	9.0847	4	2519	1
537	150.34	130	0	0	-10.481	5.9694	-9.5821	9.1133	4	2140	1
538	101.66	90	0	0	-2.4492	11.871	-0.98327	10.317	4	2339	1
539	36.182	50	0	0	9.7654	7.1424	7.8061	5.358	4	2159	1
540	155.55	130	0	0	-11.175	5.0803	-9.1295	9.4	4	2178	1
