trial	targetangle_deg	arcangle_deg	homex_cm	homey_cm	handx_cm	handy_cm	tapx_cm	tapy_cm	block	time_ms	selected
139	71.102	50	0	0	3.6897	10.778	8.5207	10.862	1	2578	0
140	157.72	130	0	0	-10.46	4.2868	-9.1533	4.5267	1	2377	1
141	97.444	90	0	0	-1.4764	11.3	-0.26868	8.6833	1	2479	1
142	41.746	50	0	0	8.5476	7.628	11.45	6.1893	1	2447	1
143	150.07	130	0	0	-9.7006	5.585	-8.4388	6.7913	1	2459	1
144	96.443	90	0	0	-1.2679	11.228	-0.4116	7.508	1	2299	1
145	40.867	50	0	0	8.9606	7.7529	13.904	4.4693	1	2479	0
146	149.15	130	0	0	-9.6633	5.7709	-9.463	6.9347	1	2471	1
147	103.48	90	0	0	-2.6457	11.038	0.25534	11.751	1	2519	1
148	45.826	50	0	0	7.9225	8.1542	11.165	8.5113	1	2419	1
149	153.19	130	0	0	-10.065	5.0853	-9.6059	8.1387	1	2239	1
150	95.165	90	0	0	-1.0391	11.496	0.13625	10.604	1	2489	1
151	95.371	90	0	0	-1.0787	11.474	-0.12577	10.719	1	2179	1
152	35.88	50	0	0	9.2281	6.6751	14.094	6.2467	1	2259	1
153	153.76	130	0	0	-9.9477	4.9027	-9.0104	9.9447	1	2159	1
154	31.747	50	0	0	9.5237	5.8927	11.498	5.5013	1	2339	1
155	98.598	90	0	0	-1.6803	11.113	0.088608	12.439	1	2279	1
156	153.74	130	0	0	-10.132	4.9993	-9.3439	5.5873	1	2180	1
283	157.45	130	0	0	-10.652	4.4221	-15.275	-1.3787	2	2160	0
284	42.003	50	0	0	8.5133	7.6661	7.1392	3.552	2	1959	1
285	102.83	90	0	0	-2.5428	11.165	-0.86417	7.938	2	2040	1
286	99.23	90	0	0	-1.8086	11.129	-1.2453	8.196	2	2060	1
287	32.876	50	0	0	9.5366	6.1639	7.5203	2.5487	2	2179	1
288	160.67	130	0	0	-10.633	3.7288	-8.1529	5.5013	2	2701	1
289	153.61	130	0	0	-9.9373	4.9302	-9.3915	6.0173	2	2159	1
290	98.411	90	0	0	-1.6953	11.466	-1.6979	9.2853	2	2319	1
291	32.679	50	0	0	9.7253	6.2384	6.5675	5.5873	2	2200	1
292	160.92	130	0	0	-10.69	3.6978	-10.463	4.8993	2	2159	1
293	98.168	90	0	0	-1.6468	11.474	-1.8884	9.5433	2	2319	1
294	40.482	50	0	0	8.5877	7.3298	7.3535	4.4693	2	2279	1
295	95.665	90	0	0	-1.153	11.624	-1.3644	9.2567	2	2239	1
296	150.41	130	0	0	-9.7643	5.5443	-11.297	6.1607	2	2119	1
297	31.167	50	0	0	9.7206	5.8794	6.6866	4.154	2	2219	1
298	96.597	90	0	0	-1.286	11.12	-2.0075	8.9127	2	2339	1
299	152.22	130	0	0	-9.8375	5.1833	-9.9632	5.9887	2	2139	1
300	35.455	50	0	0	9.2888	6.6147	5.2812	3.896	2	2139	1
427	143.18	130	0	0	-9.0509	6.7767	-10.416	8.0813	3	2000	1
428	104.37	90	0	0	-2.8595	11.162	-2.0075	9.83	3	2019	1
429	35.969	50	0	0	9.3082	6.7551	8.2587	3.036	3	1959	1
430	40.57	50	0	0	8.5811	7.3471	7.5679	4.0967	3	2079	1
431	97.383	90	0	0	-1.477	11.399	-1.2691	9.2567	3	2119	1
432	157.31	130	0	0	-10.533	4.4038	-10.273	6.5333	3	2059	1
433	94.212	90	0	0	-0.8336	11.32	-1.2453	9.4	3	2059	1
434	37.16	50	0	0	9.1245	6.9158	7.1153	4.8707	3	2099	1
435	154.19	130	0	0	-10.139	4.9046	-11.321	7.25	3	1959	1
436	37.35	50	0	0	9.149	6.9823	6.7819	3.38	3	2079	1
437	154.56	130	0	0	-10.027	4.7693	-10.249	8.3393	3	2039	1
438	94.049	90	0	0	-0.7988	11.284	-1.3882	9.6007	3	2119	1
439	38.546	50	0	0	8.9532	7.1334	7.6394	5.1287	3	1980	1
440	154.57	130	0	0	-10.132	4.8166	-10.273	10.231	3	1959	1
441	102.34	90	0	0	-2.4387	11.148	-0.48306	10.346	3	2200	1
442	101.95	90	0	0	-2.3638	11.173	-1.2453	10.776	3	2080	1
443	149.63	130	0	0	-9.7442	5.7089	-10.13	8.1673	3	2038	1
444	33.779	50	0	0	9.5342	6.3776	6.3293	5.1573	3	1999	1
571	51.633	50	0	0	7.1383	9.0171	6.6866	7.1067	4	2260	1
572	153.68	130	0	0	-9.9052	4.8994	-10.559	8.454	4	1859	1
573	98.525	90	0	0	-1.6889	11.267	-2.6268	11.665	4	1959	1
574	39.09	50	0	0	8.9782	7.2938	5.972	6.0747	4	1899	1
575	147.29	130	0	0	-9.4041	6.0386	-10.416	10.203	4	1919	1
576	94.508	90	0	0	-0.8891	11.276	-1.8646	11.177	4	1919	1
577	152.13	130	0	0	-10.002	5.2889	-11.011	8.7693	4	1899	1
578	45.947	50	0	0	7.9014	8.167	5.8291	6.1607	4	1959	1
579	101.96	90	0	0	-2.3188	10.948	-1.3167	11.321	4	1899	1
580	97.83	90	0	0	-1.533	11.148	-2.1028	11.464	4	1979	1
581	152.06	130	0	0	-9.7558	5.1745	-9.9156	8.2247	4	1879	1
582	39.866	50	0	0	8.6231	7.2013	8.0681	5.96	4	1919	1
583	44.178	50	0	0	8.2904	8.0558	7.5203	4.7273	4	1880	1
584	98.37	90	0	0	-1.6334	11.102	-0.14959	9.5433	4	2000	1
585	150.76	130	0	0	-9.7466	5.4567	-10.035	6.476	4	1960	1
586	100.22	90	0	0	-2.0191	11.2	-2.3886	10.088	4	1960	1
587	35.214	50	0	0	9.1873	6.4842	7.7823	4.8133	4	1860	1
588	155.46	130	0	0	-10.317	4.7112	-9.8917	7.9953	4	1959	1
