Trial#	TargetAngle	ArcAngle	XHomePosition(m)	YHomePosition(m)	XTarget(m)	YTarget(m)	XTouch	YTouch	Block#	Time(ms)
91	74.3215300234	50	0.0	-0.085	0.032501	0.030793	274	722	1	3779
92	157.637953697	130	0.0	-0.085	-0.111851	-0.038985	1040	797	1	2519
93	100.064655044	90	0.0	-0.085	-0.021134	0.034071	672	899	1	2848
94	44.1969425801	50	0.0	-0.085	0.086630	-0.000765	182	814	1	2703
95	148.660495244	130	0.0	-0.085	-0.103548	-0.021944	1092	899	1	2419
96	99.2589903321	90	0.0	-0.085	-0.019439	0.034242	664	899	1	2559
97	44.9960228296	50	0.0	-0.085	0.086443	0.001431	139	733	1	2399
98	148.789417326	130	0.0	-0.085	-0.104256	-0.021834	1089	802	1	2619
99	105.654923514	90	0.0	-0.085	-0.032696	0.031672	856	875	1	3062
100	48.6898758184	50	0.0	-0.085	0.079814	0.005818	299	481	1	2639
101	153.153680012	130	0.0	-0.085	-0.108673	-0.029995	1073	570	1	2819
102	99.0782281404	90	0.0	-0.085	-0.018937	0.033516	701	643	1	2539
103	99.3366362548	90	0.0	-0.085	-0.019563	0.033987	706	646	1	2779
104	36.8429429394	50	0.0	-0.085	0.096963	-0.012349	235	649	1	2460
105	153.389693863	130	0.0	-0.085	-0.107320	-0.031234	1161	609	1	2620
106	32.4765705731	50	0.0	-0.085	0.102703	-0.019630	158	493	1	2620
107	99.8955978607	90	0.0	-0.085	-0.020713	0.033734	665	793	1	2719
108	152.399131793	130	0.0	-0.085	-0.108214	-0.028425	1124	637	1	2500
235	156.110156671	130	0.0	-0.085	-0.111953	-0.035413	1161	687	2	3499
236	44.8662228928	50	0.0	-0.085	0.086717	0.001313	368	674	2	2599
237	106.148019787	90	0.0	-0.085	-0.033704	0.031404	726	822	2	2699
238	102.248136538	90	0.0	-0.085	-0.025577	0.032819	719	758	2	2519
239	35.0149339264	50	0.0	-0.085	0.099992	-0.014946	350	519	2	2659
240	159.211028819	130	0.0	-0.085	-0.113127	-0.042052	1052	657	2	2441
241	152.791203109	130	0.0	-0.085	-0.106731	-0.030127	1035	685	2	2759
242	101.640132581	90	0.0	-0.085	-0.024649	0.034655	777	756	2	3701
243	35.7061218859	50	0.0	-0.085	0.099504	-0.013483	343	563	2	2739
244	160.454658582	130	0.0	-0.085	-0.114704	-0.044279	1181	664	2	2499
245	102.177081301	90	0.0	-0.085	-0.025500	0.033171	731	771	2	2359
246	41.4622172853	50	0.0	-0.085	0.090391	-0.005135	357	588	2	2280
247	99.4064980756	90	0.0	-0.085	-0.019966	0.035520	713	754	2	2379
248	149.675715313	130	0.0	-0.085	-0.104573	-0.023833	1069	677	2	2239
249	33.5242105006	50	0.0	-0.085	0.100401	-0.018485	420	557	2	2319
250	99.0068087583	90	0.0	-0.085	-0.018867	0.034030	748	767	2	2640
251	151.971766169	130	0.0	-0.085	-0.106086	-0.028526	1078	660	2	2140
252	38.061765619	50	0.0	-0.085	0.095153	-0.010493	365	564	2	2179
379	141.753443644	130	0.0	-0.085	-0.095655	-0.009601	1146	649	3	3480
380	107.410905741	90	0.0	-0.085	-0.036410	0.031107	749	794	3	2699
381	39.2132598023	50	0.0	-0.085	0.094015	-0.008287	333	595	3	2279
382	42.4344189681	50	0.0	-0.085	0.089621	-0.003066	338	616	3	2380
383	101.181359467	90	0.0	-0.085	-0.023438	0.033573	684	814	3	2640
384	156.744674646	130	0.0	-0.085	-0.111841	-0.036937	1040	632	3	2505
385	96.6756218596	90	0.0	-0.085	-0.014102	0.035487	676	850	3	2639
386	37.2866205208	50	0.0	-0.085	0.097555	-0.010719	314	499	3	2439
387	153.468553998	130	0.0	-0.085	-0.109150	-0.030505	1062	673	3	2639
388	40.5315870907	50	0.0	-0.085	0.091815	-0.006495	322	595	3	2339
389	153.091817293	130	0.0	-0.085	-0.107411	-0.030488	1052	723	3	2339
390	97.5672688834	90	0.0	-0.085	-0.015810	0.034009	679	843	3	2440
391	40.3226753249	50	0.0	-0.085	0.093106	-0.005977	222	667	3	2339
392	152.801877878	130	0.0	-0.085	-0.108037	-0.029481	1160	697	3	2319
393	104.857063061	90	0.0	-0.085	-0.031195	0.032594	704	805	3	2479
394	105.659601678	90	0.0	-0.085	-0.032505	0.030954	691	778	3	2579
395	148.637538134	130	0.0	-0.085	-0.103686	-0.021803	1109	632	3	2339
396	36.0977479349	50	0.0	-0.085	0.097409	-0.013974	278	510	3	2419
523	52.9704405494	50	0.0	-0.085	0.073349	0.012233	374	607	4	3480
524	153.205635771	130	0.0	-0.085	-0.107423	-0.030750	1133	652	4	2460
525	100.83206761	90	0.0	-0.085	-0.022944	0.034912	796	767	4	2260
526	40.6180002079	50	0.0	-0.085	0.093185	-0.005080	391	578	4	2140
527	147.656147918	130	0.0	-0.085	-0.101722	-0.020585	1133	701	4	2099
528	96.9148397585	90	0.0	-0.085	-0.014590	0.035304	775	767	4	2419
529	152.332043825	130	0.0	-0.085	-0.108093	-0.028327	1127	661	4	2399
530	47.5503182521	50	0.0	-0.085	0.081472	0.004068	461	633	4	2399
531	103.633070496	90	0.0	-0.085	-0.028410	0.032137	794	770	4	2339
532	99.4145686716	90	0.0	-0.085	-0.019811	0.034480	749	739	4	2399
533	152.23180627	130	0.0	-0.085	-0.106404	-0.028975	1127	631	4	2359
534	39.9392333302	50	0.0	-0.085	0.092621	-0.007449	403	592	4	2279
535	45.7226004164	50	0.0	-0.085	0.085411	0.002593	384	573	4	2394
536	99.8078202083	90	0.0	-0.085	-0.020620	0.034280	733	739	4	2519
537	150.33560465	130	0.0	-0.085	-0.104806	-0.025306	1074	740	4	2140
538	101.657477633	90	0.0	-0.085	-0.024492	0.033711	713	782	4	2339
539	36.1816857582	50	0.0	-0.085	0.097654	-0.013576	344	609	4	2159
540	155.552839083	130	0.0	-0.085	-0.111750	-0.034197	1055	750	4	2178
