0.032501
0.030793
-0.111851
-0.038985
-0.021134
0.034071
0.086630
-0.000765
-0.103548
-0.021944
-0.019439
0.034242
0.086443
0.001431
-0.104256
-0.021834
-0.032696
0.031672
0.079814
0.005818
-0.108673
-0.029995
-0.018937
0.033516
-0.019563
0.033987
0.096963
-0.012349
-0.107320
-0.031234
0.102703
-0.019630
-0.020713
0.033734
-0.108214
-0.028425
-0.111953
-0.035413
0.086717
0.001313
-0.033704
0.031404
-0.025577
0.032819
0.099992
-0.014946
-0.113127
-0.042052
-0.106731
-0.030127
-0.024649
0.034655
0.099504
-0.013483
-0.114704
-0.044279
-0.025500
0.033171
0.090391
-0.005135
-0.019966
0.035520
-0.104573
-0.023833
0.100401
-0.018485
-0.018867
0.034030
-0.106086
-0.028526
0.095153
-0.010493
-0.095655
-0.009601
-0.036410
0.031107
0.094015
-0.008287
0.089621
-0.003066
-0.023438
0.033573
-0.111841
-0.036937
-0.014102
0.035487
0.097555
-0.010719
-0.109150
-0.030505
0.091815
-0.006495
-0.107411
-0.030488
-0.015810
0.034009
0.093106
-0.005977
-0.108037
-0.029481
-0.031195
0.032594
-0.032505
0.030954
-0.103686
-0.021803
0.097409
-0.013974
0.073349
0.012233
-0.107423
-0.030750
-0.022944
0.034912
0.093185
-0.005080
-0.101722
-0.020585
-0.014590
0.035304
-0.108093
-0.028327
0.081472
0.004068
-0.028410
0.032137
-0.019811
0.034480
-0.106404
-0.028975
0.092621
-0.007449
0.085411
0.002593
-0.020620
0.034280
-0.104806
-0.025306
-0.024492
0.033711
0.097654
-0.013576
-0.111750
-0.034197
