0.000197
0.038469
-0.077186
0.013724
0.086578
0.007939
-0.001778
0.040000
0.072390
0.012155
-0.054776
0.028022
0.019527
0.038943
0.077798
0.011850
-0.074207
0.011423
-0.082565
0.009941
0.021640
0.035576
0.091152
0.004121
-0.004144
0.037866
0.089352
-0.000335
-0.094469
-0.001737
-0.059684
0.025879
0.020133
0.036950
0.089179
-0.000143
0.081312
0.005446
-0.083735
0.005476
0.012116
0.034894
0.000760
0.035519
-0.082095
0.009505
0.086473
-0.000354
-0.017438
0.036447
-0.083635
0.006552
0.091616
-0.006920
-0.011431
0.036143
-0.081084
0.006880
0.090600
-0.002193
0.072069
0.016117
-0.002638
0.039060
-0.097020
-0.010767
0.002612
0.042969
0.082532
0.008124
-0.095678
-0.004812
0.092058
-0.004658
0.007274
0.037766
-0.098737
-0.014080
-0.086365
-0.000492
0.088581
0.000299
-0.045457
0.026663
0.089443
0.001375
-0.020205
0.034687
-0.098075
-0.011581
-0.007826
0.036022
0.086236
-0.000078
-0.091101
-0.000185
-0.006562
0.036655
0.065933
0.020354
-0.084905
0.004107
-0.007425
0.038514
-0.089075
-0.003294
0.077498
0.009370
-0.087852
-0.000693
0.076485
0.016603
-0.009429
0.036368
-0.004902
0.039366
-0.087989
0.001299
0.094584
-0.001751
-0.087291
0.003836
0.016378
0.039891
0.080485
0.011085
-0.049158
0.027489
0.088807
0.001071
0.012440
0.035580
-0.000740
0.037236
0.073852
0.010849
-0.088821
-0.003052
0.022348
0.033565
-0.090895
-0.003656
0.085226
0.001796
