trial	targetangle_deg	arcangle_deg	homex_cm	homey_cm	handx_cm	handy_cm	tapx_cm	tapy_cm	block	time_ms	selected
139	101.14	90	0	0	-2.2105	11.222	-2.7459	11.005	1	2209	1
140	152.17	130	0	0	-10.635	5.6133	-8.5579	9.2567	1	2230	1
141	53.933	50	0	0	6.7057	9.2071	4.6619	9.4573	1	2129	1
142	63.392	50	0	0	5.0939	10.169	5.3765	9.83	1	2170	1
143	138.06	130	0	0	-8.8214	7.9263	-8.7722	8.9127	1	2079	1
144	94.6	90	0	0	-0.909	11.299	-0.91181	11.292	1	2089	1
145	150.44	130	0	0	-10.462	5.9339	-9.4392	9.228	1	2029	1
146	49.288	50	0	0	7.4124	8.6142	6.0911	9.0847	1	1989	1
147	106.78	90	0	0	-3.3437	11.09	-1.9122	12.152	1	2349	1
148	51.675	50	0	0	7.1483	9.0431	5.7576	8.54	1	2169	1
149	147.46	130	0	0	-9.5632	6.1024	-9.1772	7.766	1	2269	1
150	90.506	90	0	0	-0.1008	11.417	-1.9122	11.321	1	2409	1
151	51.158	50	0	0	7.4358	9.2344	5.6385	8.712	1	2209	1
152	103.49	90	0	0	-2.71	11.293	-2.7935	10.919	1	2269	1
153	132.51	130	0	0	-8.0554	8.7869	-8.0576	8.282	1	2209	1
154	136.02	130	0	0	-8.2311	7.9443	-8.01	8.1387	1	2329	1
155	50.009	50	0	0	7.5252	8.971	5.2336	7.7947	1	2149	1
156	99.121	90	0	0	-1.8234	11.357	-1.1024	11.55	1	2109	1
283	48.581	50	0	0	7.6299	8.6487	5.9244	9.314	2	2249	1
284	147.31	130	0	0	-9.5056	6.1002	-6.8905	10.203	2	2289	1
285	96.436	90	0	0	-1.2717	11.273	-1.0785	12.84	2	2309	1
286	154.78	130	0	0	-10.151	4.7819	-7.6765	9.6293	2	2329	1
287	50.412	50	0	0	7.1444	8.6398	8.5922	5.702	2	2794	1
288	121.77	90	0	0	-6.0956	9.8409	-5.6042	10.891	2	2289	1
289	155.37	130	0	0	-10.268	4.7067	-3.1508	13.671	2	2029	0
290	51.97	50	0	0	7.3463	9.3926	8.3778	6.992	2	2049	1
291	97.9	90	0	0	-1.601	11.537	-5.6995	12.553	2	2149	1
292	89.715	90	0	0	0.0593	11.913	3.0899	12.926	2	2149	1
293	54.52	50	0	0	6.7482	9.4675	5.0431	11.349	2	2089	1
294	138.51	130	0	0	-8.4925	7.5114	-3.9607	10.891	2	2069	1
295	140.14	130	0	0	-8.7149	7.2768	-7.748	9.3713	2	1989	1
296	86.302	90	0	0	0.7553	11.685	-6.5332	12.238	2	2149	1
297	49.969	50	0	0	7.4158	8.8281	5.8529	9.3713	2	2149	1
298	51.781	50	0	0	7.3796	9.3715	8.5922	4.584	2	2229	1
299	100.01	90	0	0	-2.0462	11.592	-4.3894	12.381	2	2270	1
300	148.44	130	0	0	-9.6218	5.9096	-6.4379	11.149	2	2249	1
427	36.889	50	0	0	9.9121	7.4393	6.1864	9.658	3	2160	1
428	150.78	130	0	0	-10.686	5.9779	-7.4622	9.3713	3	1949	1
429	77.875	90	0	0	2.5787	12.002	-6.2235	10.891	3	2049	1
430	48.181	50	0	0	7.7786	8.6942	8.2587	5.5013	3	2029	1
431	95.239	90	0	0	-1.0648	11.613	2.4706	10.231	3	2050	1
432	150.93	130	0	0	-9.7699	5.4307	-8.0815	4.3547	3	2150	0
433	45.653	50	0	0	8.6103	8.8088	7.687	6.2467	3	2375	1
434	134.2	130	0	0	-8.0027	8.2284	-11.154	6.6193	3	2210	1
435	72.174	90	0	0	3.6301	11.289	-5.5566	10.776	3	2289	1
436	59.312	90	0	0	6.2525	10.536	-1.2691	11.607	3	2231	1
437	55.465	50	0	0	6.2763	9.1202	6.5913	9.142	3	2289	1
438	140.98	130	0	0	-8.8961	7.2102	-7.3669	8.3967	3	2309	1
439	46.893	50	0	0	7.7866	8.319	7.0915	6.7053	3	2269	1
440	97.511	90	0	0	-1.4925	11.319	-1.5311	10.059	3	2269	1
441	139.77	130	0	0	-8.7291	7.3846	-8.4149	7.9953	3	2189	1
442	79.311	90	0	0	2.1431	11.354	-1.5788	10.575	3	2249	1
443	47.157	50	0	0	7.6518	8.2508	8.3063	5.272	3	2269	1
444	134.77	130	0	0	-8.1633	8.2299	-9.0104	7.9953	3	2329	1
571	163.45	130	0	0	-10.961	3.2577	-8.3673	7.766	4	2210	1
572	51.055	50	0	0	7.1976	8.9057	4.924	7.7947	4	1989	1
573	108.13	90	0	0	-3.6169	11.045	-1.412	9.9733	4	2049	1
574	48.462	50	0	0	7.7608	8.7602	5.9244	8.6547	4	1990	1
575	96.439	90	0	0	-1.2984	11.504	-2.4124	10.833	4	2050	1
576	143.28	130	0	0	-9.3844	7.0001	-8.8913	7.9953	4	2029	1
577	133.98	130	0	0	-7.7587	8.0396	-9.3439	8.626	4	2049	1
578	45.639	50	0	0	8.1761	8.3606	6.0197	8.3393	4	2090	1
579	94.234	90	0	0	-0.8387	11.33	-1.5311	10.375	4	2169	1
580	51.108	50	0	0	7.2157	8.945	6.1626	7.5653	4	2149	1
581	132.97	130	0	0	-7.8739	8.4526	-9.6059	7.594	4	2149	1
582	85.261	90	0	0	0.9784	11.801	-1.0309	11.091	4	2189	1
583	129.79	130	0	0	-7.1165	8.5441	-9.5583	7.164	4	2249	1
584	84.847	90	0	0	1.0528	11.674	-1.4835	10.203	4	2169	1
585	56.085	50	0	0	6.3914	9.506	6.5437	7.1927	4	2109	1
586	60	50	0	0	5.8772	10.18	6.7104	7.3073	4	2169	1
587	94.861	90	0	0	-0.9966	11.718	-0.81653	10.031	4	2089	1
588	127.49	130	0	0	-6.9887	9.1095	-10.106	8.0813	4	2069	1
