-0.027423
0.034934
-0.109307
-0.021507
0.074246
0.010644
0.051953
0.024772
-0.089974
0.003770
-0.016129
0.034405
-0.111110
-0.022549
0.081279
0.005877
-0.038928
0.033937
0.073572
0.012322
-0.103747
-0.018692
-0.007672
0.036506
0.081440
0.009484
-0.033590
0.035272
-0.082422
0.009735
-0.087722
-0.002003
0.078143
0.013243
-0.020016
0.037044
0.081479
0.006120
-0.103234
-0.019160
-0.019433
0.034920
-0.109687
-0.033629
0.075216
0.010350
-0.066725
0.020025
-0.111851
-0.034152
0.071729
0.015920
-0.018723
0.037846
-0.007374
0.038936
0.068237
0.018538
-0.092635
-0.005219
-0.095010
-0.011211
0.002506
0.039222
0.083165
0.006367
0.078366
0.013931
-0.026887
0.036237
-0.105359
-0.022375
0.107115
-0.015281
-0.113715
-0.022202
0.032585
0.037194
0.084485
0.005792
-0.009410
0.038639
-0.106361
-0.026274
0.094400
-0.001285
-0.085218
0.005671
0.038768
0.034671
0.069129
0.022191
0.068997
0.013381
-0.094955
-0.005621
0.086133
0.002070
-0.019532
0.033696
-0.093207
-0.004066
0.018044
0.037112
0.082282
0.003985
-0.086231
0.003632
-0.114432
-0.048864
0.079011
0.005719
-0.044550
0.029580
0.082279
0.007000
-0.015522
0.038569
-0.102507
-0.012935
-0.085001
0.002075
0.087296
0.004643
-0.010318
0.035088
0.077931
0.010800
-0.083971
0.006565
0.004859
0.040961
-0.077732
0.007619
0.006719
0.040783
0.069173
0.015731
0.061552
0.024973
-0.013146
0.039846
-0.074491
0.014851
