73	52.1265310755	90	0.0	-0.085	0.069248	0.004038	492	817	1	4091
74	88.0495744456	50	0.0	-0.085	0.002583	-0.009151	607	853	1	2892
75	90.4308100272	130	0.0	-0.085	-0.000568	-0.009460	741	854	1	3460
76	88.9793102623	90	0.0	-0.085	0.002001	0.027313	560	797	1	3434
77	54.0417787705	50	0.0	-0.085	0.066281	0.006368	272	618	1	2534
78	147.251730207	130	0.0	-0.085	-0.096561	-0.022894	1193	631	1	2452
79	43.2341299039	50	0.0	-0.085	0.081801	-0.008092	277	592	1	2782
80	129.687529443	130	0.0	-0.085	-0.073620	0.003715	882	786	1	2268
81	96.3305058749	90	0.0	-0.085	-0.012317	0.026024	710	840	1	2384
82	138.667029252	130	0.0	-0.085	-0.084635	-0.010560	1034	728	1	2219
83	42.1803510274	50	0.0	-0.085	0.084086	-0.008808	257	552	1	3428
84	94.4032158741	90	0.0	-0.085	-0.008527	0.025737	652	815	1	2779
85	77.6564598664	90	0.0	-0.085	0.024352	0.026282	532	756	1	2900
86	78.2618083748	50	0.0	-0.085	0.023428	0.027751	553	757	1	2579
87	120.210568079	130	0.0	-0.085	-0.058951	0.016245	920	757	1	2979
88	153.583034709	130	0.0	-0.085	-0.101346	-0.034654	1185	603	1	2379
89	115.022476307	90	0.0	-0.085	-0.048253	0.018373	836	767	1	2391
90	75.770907394	50	0.0	-0.085	0.028392	0.026965	545	732	1	2380
145	93.6537707325	90	0.0	-0.085	-0.007062	0.025591	729	830	2	3220
146	49.0015748333	50	0.0	-0.085	0.073681	-0.000235	348	648	2	2739
147	115.935522668	130	0.0	-0.085	-0.049187	0.016137	988	803	2	2459
148	118.741527988	90	0.0	-0.085	-0.053969	0.013407	1000	755	2	2919
149	162.395683842	130	0.0	-0.085	-0.107308	-0.050951	1198	529	2	2459
150	36.2202079064	50	0.0	-0.085	0.092735	-0.017078	340	607	2	2480
151	96.8928967527	90	0.0	-0.085	-0.013463	0.026368	826	788	2	2480
152	152.030492819	130	0.0	-0.085	-0.099059	-0.032397	1149	573	2	2600
153	83.432634842	50	0.0	-0.085	0.013086	0.028666	1385	0	2	2439
154	131.133308259	90	0.0	-0.085	-0.074460	0.000255	1006	735	2	2539
155	64.4425045065	50	0.0	-0.085	0.049857	0.019258	1316	0	2	2519
156	131.981227266	130	0.0	-0.085	-0.075675	-0.000899	1094	672	2	2839
157	38.0253096785	50	0.0	-0.085	0.090875	-0.013936	228	575	2	2936
158	85.5583486441	90	0.0	-0.085	0.008796	0.028238	1288	0	2	2539
159	148.438398742	130	0.0	-0.085	-0.095948	-0.026061	1183	522	2	2499
160	154.401147634	130	0.0	-0.085	-0.104497	-0.034936	1185	473	2	2804
161	109.724206681	90	0.0	-0.085	-0.038459	0.022269	918	790	2	2319
162	52.2656701976	50	0.0	-0.085	0.068897	0.004032	1232	0	2	2776
217	25.8350782207	50	0.0	-0.085	0.102903	-0.035177	265	495	3	5807
218	147.646749638	130	0.0	-0.085	-0.093890	-0.025523	1129	648	3	2019
219	93.4383566087	90	0.0	-0.085	-0.006677	0.026130	778	790	3	2019
220	123.76039339	90	0.0	-0.085	-0.061907	0.007614	1011	740	3	1959
221	126.093544601	130	0.0	-0.085	-0.066417	0.006102	923	782	3	2059
222	77.010917629	50	0.0	-0.085	0.025987	0.027660	676	750	3	2279
223	153.856746166	130	0.0	-0.085	-0.101324	-0.035267	1195	575	3	2219
224	31.6117545511	50	0.0	-0.085	0.099981	-0.023463	186	549	3	2179
225	81.5198236128	90	0.0	-0.085	0.016616	0.026444	594	748	3	2239
226	146.013874617	130	0.0	-0.085	-0.095466	-0.020641	1114	656	3	2159
227	51.6675696948	50	0.0	-0.085	0.069115	0.002413	383	681	3	2199
228	96.2220087225	90	0.0	-0.085	-0.012545	0.030067	1439	0	3	2119
229	66.604975322	50	0.0	-0.085	0.045881	0.021050	520	701	3	2159
230	79.0056461622	90	0.0	-0.085	0.021275	0.024508	612	754	3	2079
231	127.072861218	130	0.0	-0.085	-0.069296	0.006716	1439	0	3	2158
232	81.3742839573	50	0.0	-0.085	0.016571	0.024239	677	783	3	2139
233	122.349753275	90	0.0	-0.085	-0.060179	0.010011	1439	0	3	2020
234	113.657909451	130	0.0	-0.085	-0.045818	0.019585	968	861	3	5980
289	75.7783339447	50	0.0	-0.085	0.028483	0.027385	615	778	4	2079
290	142.965601074	130	0.0	-0.085	-0.089473	-0.017493	1052	731	4	2019
291	95.9431603159	90	0.0	-0.085	-0.011653	0.026939	1111	606	4	1919
292	130.676336593	90	0.0	-0.085	-0.074759	0.001988	1001	758	4	2039
293	82.599644486	50	0.0	-0.085	0.014990	0.030411	674	781	4	2239
294	129.40226966	130	0.0	-0.085	-0.071737	0.002327	886	776	4	2059
295	170.248322637	130	0.0	-0.085	-0.109338	-0.066209	1151	468	4	2379
296	62.5030389419	50	0.0	-0.085	0.054171	0.019075	498	701	4	2219
297	79.1448369357	90	0.0	-0.085	0.021596	0.027621	633	763	4	2039
298	133.810126751	130	0.0	-0.085	-0.079158	-0.002484	895	782	4	2059
299	135.602549383	90	0.0	-0.085	-0.082105	-0.004604	997	715	4	2099
300	31.7819799222	50	0.0	-0.085	0.099740	-0.023202	284	541	4	2199
301	174.477120468	130	0.0	-0.085	-0.111974	-0.074173	1181	415	4	2039
302	102.413246692	90	0.0	-0.085	-0.024808	0.027709	1174	499	4	2099
303	76.0969259314	50	0.0	-0.085	0.027355	0.025511	589	757	4	2159
304	40.2451049838	50	0.0	-0.085	0.087789	-0.010694	434	642	4	2340
305	140.034327289	130	0.0	-0.085	-0.087796	-0.011420	967	748	4	2159
306	110.403935283	90	0.0	-0.085	-0.038871	0.019499	792	795	4	1999
