139	95.409409056	90	0.0	-0.085	-0.010814	0.029200	648	772	1	4148
140	161.200815418	130	0.0	-0.085	-0.109156	-0.047842	1198	550	1	3849
141	44.3855145888	50	0.0	-0.085	0.082647	-0.004107	303	559	1	3865
142	138.855098933	130	0.0	-0.085	-0.084197	-0.011434	1028	689	1	3895
143	95.6218191749	50	0.0	-0.085	-0.011299	0.029786	624	749	1	3727
144	128.998386493	90	0.0	-0.085	-0.070584	0.002169	934	749	1	3721
145	57.1418049084	50	0.0	-0.085	0.062914	0.012406	320	572	1	5163
146	174.486318434	130	0.0	-0.085	-0.115218	-0.073878	1198	519	1	3541
147	132.286946999	90	0.0	-0.085	-0.075305	-0.002203	925	753	1	3779
148	42.6898974515	50	0.0	-0.085	0.083775	-0.007722	329	588	1	3753
149	140.316609797	130	0.0	-0.085	-0.085345	-0.014187	1138	603	1	3341
150	124.496612124	90	0.0	-0.085	-0.063562	0.007495	873	766	1	3443
151	81.2114967512	50	0.0	-0.085	0.017401	0.027553	578	716	1	3526
152	108.034702322	90	0.0	-0.085	-0.035766	0.024850	777	771	1	3512
153	150.950722402	130	0.0	-0.085	-0.097729	-0.030718	1122	630	1	3644
154	140.796631859	130	0.0	-0.085	-0.085687	-0.015107	1097	658	1	3486
155	43.5080729215	50	0.0	-0.085	0.082789	-0.006414	328	557	1	3656
156	124.186456738	90	0.0	-0.085	-0.063138	0.007952	949	718	1	3344
283	61.8530431871	50	0.0	-0.085	0.053609	0.015203	452	688	2	6278
284	131.661541245	90	0.0	-0.085	-0.076017	0.000435	922	718	2	3698
285	175.213844915	130	0.0	-0.085	-0.116889	-0.075213	1194	560	2	3808
286	75.662811425	50	0.0	-0.085	0.028140	0.025099	517	732	2	3408
287	128.244629838	90	0.0	-0.085	-0.071337	0.005508	925	753	2	3688
288	175.8647458	130	0.0	-0.085	-0.113113	-0.076822	1152	574	2	3568
289	88.2167087443	90	0.0	-0.085	0.003500	0.027416	591	760	2	3616
290	172.371600145	130	0.0	-0.085	-0.116506	-0.069396	1206	542	2	3600
291	42.3563484299	50	0.0	-0.085	0.088172	-0.004611	306	549	2	3690
292	143.127216559	90	0.0	-0.085	-0.092121	-0.015902	952	726	2	3336
293	156.711875129	130	0.0	-0.085	-0.106047	-0.039355	1139	585	2	3354
294	45.6347530102	50	0.0	-0.085	0.080201	-0.003002	338	599	2	3766
295	172.335550632	130	0.0	-0.085	-0.116271	-0.069353	1183	525	2	3400
296	70.8376986939	50	0.0	-0.085	0.037352	0.022488	439	698	2	3489
297	130.730858063	90	0.0	-0.085	-0.073738	0.000635	955	748	2	3339
298	67.5385388735	50	0.0	-0.085	0.042649	0.018160	439	685	2	3345
299	158.299482321	130	0.0	-0.085	-0.105918	-0.042849	1151	604	2	3375
300	98.0244620116	90	0.0	-0.085	-0.016243	0.030218	625	765	2	3589
427	149.887748118	130	0.0	-0.085	-0.096673	-0.028933	1170	568	3	4692
428	108.372654073	90	0.0	-0.085	-0.035570	0.022098	789	776	3	3979
429	60.4132408928	50	0.0	-0.085	0.056875	0.015172	342	603	3	4001
430	39.5357913625	50	0.0	-0.085	0.090199	-0.010551	276	513	3	3780
431	171.63988267	130	0.0	-0.085	-0.112088	-0.068528	1207	525	3	3962
432	92.9490325736	90	0.0	-0.085	-0.005769	0.026985	608	747	3	3636
433	100.572888058	50	0.0	-0.085	-0.020603	0.025380	597	748	3	3456
434	171.936687153	130	0.0	-0.085	-0.112312	-0.069089	1187	543	3	3736
435	143.112732979	90	0.0	-0.085	-0.088648	-0.018472	936	732	3	3584
436	149.784928565	130	0.0	-0.085	-0.100114	-0.026697	1153	605	3	3550
437	82.9595159244	90	0.0	-0.085	0.013973	0.028140	622	754	3	3514
438	84.320939362	50	0.0	-0.085	0.011540	0.031045	586	739	3	3605
439	141.416218504	90	0.0	-0.085	-0.086851	-0.015708	967	725	3	3656
440	143.490059224	130	0.0	-0.085	-0.090938	-0.017685	939	741	3	3456
441	145.123287672	50	0.0	-0.085	-0.095411	-0.018498	610	749	3	25928
442	138.244053002	130	0.0	-0.085	-0.085282	-0.008867	1170	546	3	3505
443	48.151884917	50	0.0	-0.085	0.075435	-0.000773	301	546	3	3774
444	136.524115412	90	0.0	-0.085	-0.081933	-0.007314	974	727	3	3374
571	154.108337719	130	0.0	-0.085	-0.102527	-0.035234	1185	561	4	4324
572	64.6375289182	50	0.0	-0.085	0.049717	0.019881	324	605	4	3646
573	118.90535352	90	0.0	-0.085	-0.054700	0.014067	923	757	4	3696
574	34.2404771685	50	0.0	-0.085	0.094540	-0.020653	280	521	4	3800
575	141.673530987	90	0.0	-0.085	-0.089142	-0.014533	981	733	4	3610
576	188.720809058	130	0.0	-0.085	-0.113447	-0.102402	1210	534	4	3490
577	105.668166372	90	0.0	-0.085	-0.030537	0.023871	645	766	4	3589
578	94.4277756543	50	0.0	-0.085	-0.008741	0.027884	629	755	4	3502
579	169.499079459	130	0.0	-0.085	-0.112972	-0.064060	1204	533	4	3548
580	44.1429129794	50	0.0	-0.085	0.079378	-0.007962	265	522	4	3745
581	90.7536016332	90	0.0	-0.085	-0.001487	0.028049	550	745	4	3295
582	144.229205746	130	0.0	-0.085	-0.092380	-0.018445	1128	621	4	3143
583	148.596737773	90	0.0	-0.085	-0.097741	-0.025331	971	741	4	3517
584	106.988288656	50	0.0	-0.085	-0.033512	0.024693	657	770	4	3457
585	143.507112775	130	0.0	-0.085	-0.091853	-0.017050	1113	626	4	3537
586	79.1231644392	90	0.0	-0.085	0.021659	0.027719	549	752	4	3353
587	186.204113675	130	0.0	-0.085	-0.114638	-0.097462	1204	525	4	3165
588	34.1846423946	50	0.0	-0.085	0.096963	-0.019142	273	511	4	3226
