Trial#	TargetAngle	ArcAngle	XHomePosition(m)	YHomePosition(m)	XTarget(m)	YTarget(m)	XTouch	YTouch	Block#	Time(ms)
46	162.17944399	130	0.0	-0.085	-0.115700	-0.047807	1225	433	1	5704
47	88.5454033446	90	0.0	-0.085	0.003063	0.035624	790	675	1	4814
48	37.9427368722	50	0.0	-0.085	0.095224	-0.010756	387	487	1	4729
49	143.326088255	130	0.0	-0.085	-0.096698	-0.012992	1205	483	1	9150
50	78.9021480445	90	0.0	-0.085	0.023436	0.034478	683	656	1	8330
51	39.9532013953	50	0.0	-0.085	0.093135	-0.006980	472	547	1	6418
52	133.072388077	130	0.0	-0.085	-0.082491	0.003237	1065	597	1	6552
53	46.1333932976	50	0.0	-0.085	0.083782	0.002164	568	609	1	7109
54	82.0806740754	90	0.0	-0.085	0.016589	0.034255	805	675	1	7110
55	70.2521928488	90	0.0	-0.085	0.040917	0.028977	691	667	1	6498
56	141.36863661	130	0.0	-0.085	-0.093873	-0.009978	1189	498	1	6240
57	44.2926389713	50	0.0	-0.085	0.085931	-0.001165	421	510	1	6258
58	102.220934317	90	0.0	-0.085	-0.025518	0.032817	897	658	1	6369
59	132.893435793	130	0.0	-0.085	-0.082592	0.003900	1059	646	1	5800
60	47.5729428976	50	0.0	-0.085	0.081752	0.004445	523	579	1	4643
61	54.9385654635	50	0.0	-0.085	0.069455	0.013966	612	637	1	5357
62	74.5010030808	90	0.0	-0.085	0.032503	0.032210	704	682	1	5630
63	122.629742895	130	0.0	-0.085	-0.065129	0.016723	981	649	1	5963
118	63.6290205258	50	0.0	-0.085	0.053309	0.022527	608	633	2	5259
119	141.595790501	130	0.0	-0.085	-0.094621	-0.009993	1136	565	2	4913
120	63.6861952879	90	0.0	-0.085	0.053663	0.023513	571	619	2	5556
121	154.069524312	130	0.0	-0.085	-0.107963	-0.032505	1229	442	2	6040
122	62.5796896669	50	0.0	-0.085	0.055521	0.022018	619	637	2	6082
123	71.7178186691	90	0.0	-0.085	0.037726	0.029192	679	652	2	6108
124	45.3134414183	50	0.0	-0.085	0.084716	0.000648	495	579	2	5840
125	123.642526734	130	0.0	-0.085	-0.066666	0.015179	1014	642	2	5347
126	72.2770055107	90	0.0	-0.085	0.036784	0.030100	683	662	2	5255
127	52.8633685879	50	0.0	-0.085	0.072622	0.010896	588	621	2	5143
128	89.08722889	90	0.0	-0.085	0.001914	0.035134	776	681	2	5189
129	111.492067752	130	0.0	-0.085	-0.044041	0.026850	890	648	2	5002
130	117.519527122	90	0.0	-0.085	-0.056168	0.022808	1030	635	2	4643
131	43.9101456436	50	0.0	-0.085	0.086937	-0.001309	482	596	2	4925
132	108.182092699	130	0.0	-0.085	-0.037899	0.030392	994	650	2	5367
133	52.6136423428	50	0.0	-0.085	0.072899	0.010395	600	636	2	5167
134	45.0765232086	90	0.0	-0.085	0.085242	0.000470	572	631	2	4463
135	157.363708106	130	0.0	-0.085	-0.112673	-0.038015	1218	469	2	4413
190	62.2542399976	50	0.0	-0.085	0.056087	0.021623	667	662	3	5421
191	61.6991164071	90	0.0	-0.085	0.057571	0.021917	635	634	3	4531
192	161.356889913	130	0.0	-0.085	-0.114721	-0.046296	1230	457	3	4787
193	112.032659316	130	0.0	-0.085	-0.045341	0.027039	913	649	3	5247
194	44.33833181	50	0.0	-0.085	0.086538	-0.000438	465	567	3	4935
195	68.5150985198	90	0.0	-0.085	0.044089	0.027013	652	661	3	5263
196	53.9384572906	50	0.0	-0.085	0.070974	0.012467	617	648	3	4869
197	70.4369065346	90	0.0	-0.085	0.040481	0.028916	715	673	3	4793
198	151.70178657	130	0.0	-0.085	-0.106173	-0.027836	1236	440	3	5061
199	105.247233354	130	0.0	-0.085	-0.031843	0.031821	898	650	3	4577
200	106.175441063	90	0.0	-0.085	-0.033443	0.030296	958	642	3	5025
201	29.9045895967	50	0.0	-0.085	0.105035	-0.024591	338	427	3	4359
202	131.33870345	130	0.0	-0.085	-0.079904	0.005829	1133	563	3	4585
203	71.9762720511	90	0.0	-0.085	0.037763	0.031059	667	661	3	4768
204	54.0682395773	50	0.0	-0.085	0.070607	0.012426	569	621	3	5045
205	39.8733757111	50	0.0	-0.085	0.092749	-0.007523	483	566	3	4479
206	56.5270969218	90	0.0	-0.085	0.066633	0.015775	584	609	3	4521
207	156.825207242	130	0.0	-0.085	-0.111019	-0.037475	1228	430	3	4746
262	140.945412513	130	0.0	-0.085	-0.093481	-0.009153	1108	581	4	6076
263	74.6868875317	50	0.0	-0.085	0.031900	0.031502	720	650	4	5155
264	55.0367060331	90	0.0	-0.085	0.070040	0.015164	571	633	4	4719
265	111.584556904	90	0.0	-0.085	-0.044347	0.027096	942	658	4	4945
266	38.2962563605	50	0.0	-0.085	0.095116	-0.009892	365	481	4	4783
267	130.552604046	130	0.0	-0.085	-0.078832	0.007129	1143	547	4	4853
268	43.8179980373	50	0.0	-0.085	0.088570	-0.000011	412	539	4	4365
269	61.5789466827	90	0.0	-0.085	0.057912	0.022012	607	623	4	6591
270	137.887875353	130	0.0	-0.085	-0.089863	-0.003768	1193	493	4	4331
271	88.4196601389	90	0.0	-0.085	0.003319	0.035301	779	673	4	4211
272	119.978243653	130	0.0	-0.085	-0.060669	0.020174	1010	624	4	4396
273	53.4765178331	50	0.0	-0.085	0.071583	0.011656	583	622	4	4495
274	42.3076610782	50	0.0	-0.085	0.089774	-0.003290	481	569	4	5064
275	65.9886925559	90	0.0	-0.085	0.049509	0.026140	669	654	4	4238
276	99.5226855276	130	0.0	-0.085	-0.020033	0.034422	891	662	4	4160
277	144.902435536	130	0.0	-0.085	-0.098462	-0.015806	1206	481	4	4162
278	97.1431747403	90	0.0	-0.085	-0.015184	0.036160	904	658	4	4324
279	39.3048223561	50	0.0	-0.085	0.093285	-0.008634	376	483	4	4230
