Trial#	TargetAngle	ArcAngle	XHomePosition(m)	YHomePosition(m)	XTarget(m)	YTarget(m)	XTouch	YTouch	Block#	Time(ms)
73	163.808150729	130	0.0	-0.085	-0.107703	-0.053726	1238	465	1	5422
74	88.1159127243	90	0.0	-0.085	0.003678	0.026809	811	661	1	3124
75	36.4386133295	50	0.0	-0.085	0.090632	-0.018086	337	417	1	2774
76	147.591270337	130	0.0	-0.085	-0.099486	-0.021843	1199	486	1	3478
77	80.3321218854	90	0.0	-0.085	0.018931	0.026126	736	672	1	3160
78	37.4188327695	50	0.0	-0.085	0.089779	-0.016312	407	499	1	3529
79	137.115419694	130	0.0	-0.085	-0.086323	-0.004827	1218	485	1	3346
80	43.0856434818	50	0.0	-0.085	0.084670	-0.005807	397	511	1	3367
81	82.1976357893	90	0.0	-0.085	0.015134	0.025447	780	687	1	3033
82	67.4671731405	90	0.0	-0.085	0.043331	0.019441	650	649	1	3676
83	144.621073008	130	0.0	-0.085	-0.094791	-0.017688	1187	473	1	3056
84	41.0056126076	50	0.0	-0.085	0.085337	-0.010803	386	482	1	3408
85	102.720777444	90	0.0	-0.085	-0.024408	0.023124	918	660	1	3192
86	134.984121262	130	0.0	-0.085	-0.091987	0.007038	1154	550	1	3884
87	43.8958064976	50	0.0	-0.085	0.084401	-0.003791	423	524	1	3143
88	52.0010151037	50	0.0	-0.085	0.079139	0.016297	473	564	1	3660
89	73.9341058261	90	0.0	-0.085	0.031776	0.025337	682	636	1	3370
90	127.036437004	130	0.0	-0.085	-0.071533	0.009802	1168	524	1	3403
145	60.1786655337	50	0.0	-0.085	0.056858	0.014194	573	631	2	4781
146	141.891734023	130	0.0	-0.085	-0.087816	-0.016123	1234	432	2	3049
147	62.5405835662	90	0.0	-0.085	0.052516	0.016057	570	624	2	2992
148	154.580602947	130	0.0	-0.085	-0.102161	-0.036448	1241	428	2	3280
149	60.8674019053	50	0.0	-0.085	0.063186	0.028371	556	622	2	3562
150	69.7944039429	90	0.0	-0.085	0.039827	0.023214	579	624	2	3364
151	41.8931265079	50	0.0	-0.085	0.087707	-0.006324	429	527	2	3206
152	125.218832564	130	0.0	-0.085	-0.065331	0.007548	1207	495	2	3760
153	69.001487512	90	0.0	-0.085	0.042183	0.024899	626	644	2	3370
154	48.3378944081	50	0.0	-0.085	0.079720	0.004595	514	596	2	3458
155	88.6540794374	90	0.0	-0.085	0.002672	0.028726	853	677	2	3439
156	114.075507986	130	0.0	-0.085	-0.046658	0.019425	1001	632	2	3578
157	116.609617092	90	0.0	-0.085	-0.050218	0.015241	1029	620	2	3832
158	40.7172578291	50	0.0	-0.085	0.089077	-0.008335	394	493	2	3396
159	111.166763565	130	0.0	-0.085	-0.041727	0.022764	934	651	2	3672
160	49.4916323678	50	0.0	-0.085	0.074239	0.001897	508	591	2	3996
161	43.4410524284	90	0.0	-0.085	0.082791	-0.006596	580	613	2	3552
162	161.399968903	130	0.0	-0.085	-0.113800	-0.046702	1253	438	2	3516
217	58.7720465733	50	0.0	-0.085	0.059081	0.012447	590	613	3	3530
218	59.2930790007	90	0.0	-0.085	0.058102	0.012828	573	607	3	3129
219	163.883537932	130	0.0	-0.085	-0.109259	-0.053430	1238	422	3	3449
220	112.039894079	130	0.0	-0.085	-0.042054	0.018879	974	649	3	3282
221	40.0239842153	50	0.0	-0.085	0.089945	-0.009463	411	527	3	2971
222	65.8147741021	90	0.0	-0.085	0.046568	0.018690	564	623	3	2763
223	54.2064384778	50	0.0	-0.085	0.076332	0.020862	564	623	3	4597
224	67.2916122052	90	0.0	-0.085	0.045129	0.022840	605	636	3	3159
225	153.964801218	130	0.0	-0.085	-0.101506	-0.035415	1254	431	3	2913
226	104.7632851	130	0.0	-0.085	-0.029127	0.025528	932	663	3	3181
227	103.88847873	90	0.0	-0.085	-0.026727	0.023092	931	676	3	2908
228	29.8878095073	50	0.0	-0.085	0.099970	-0.027543	325	428	3	3255
229	135.372217446	130	0.0	-0.085	-0.083739	-0.002342	1161	530	3	3856
230	69.7012256192	90	0.0	-0.085	0.040068	0.023325	672	631	3	3944
231	49.928035394	50	0.0	-0.085	0.075520	0.004772	481	583	3	3814
232	37.2026613688	50	0.0	-0.085	0.092380	-0.014873	364	497	3	3598
233	53.5372087068	90	0.0	-0.085	0.068369	0.007521	554	621	3	3504
234	160.401059753	130	0.0	-0.085	-0.107568	-0.046699	1220	417	3	3654
289	142.847125206	130	0.0	-0.085	-0.090017	-0.016790	1220	459	4	3101
290	71.3250923559	50	0.0	-0.085	0.037112	0.024801	699	663	4	2930
291	53.650867006	90	0.0	-0.085	0.069333	0.009216	567	610	4	3091
292	112.33275985	90	0.0	-0.085	-0.043294	0.020390	1038	620	4	3123
293	36.4738177757	50	0.0	-0.085	0.091733	-0.017186	358	470	4	3413
294	133.565309646	130	0.0	-0.085	-0.079354	-0.001569	1182	503	4	3252
295	40.8613089791	50	0.0	-0.085	0.089586	-0.007504	402	499	4	3205
296	59.7381322692	90	0.0	-0.085	0.057409	0.013394	567	634	4	3118
297	140.502098375	130	0.0	-0.085	-0.089640	-0.011112	1203	486	4	3138
298	85.3072400038	90	0.0	-0.085	0.009523	0.031010	774	674	4	3150
299	120.121035986	130	0.0	-0.085	-0.057626	0.014326	1017	633	4	3138
300	50.7595010688	50	0.0	-0.085	0.072007	0.003162	410	506	4	3169
301	43.8017781011	50	0.0	-0.085	0.082880	-0.005516	351	458	4	3097
302	66.0952346311	90	0.0	-0.085	0.047087	0.021234	564	623	4	3025
303	101.626318278	130	0.0	-0.085	-0.022825	0.025936	888	650	4	3237
304	145.735140954	130	0.0	-0.085	-0.093771	-0.021118	1236	431	4	3015
305	94.6127850695	90	0.0	-0.085	-0.009365	0.031072	801	666	4	3071
306	38.0880272111	50	0.0	-0.085	0.087478	-0.016438	390	472	4	3179
