Trial#	TargetAngle	ArcAngle	XHomePosition(m)	YHomePosition(m)	XTarget(m)	YTarget(m)	XTouch	YTouch	Block#	Time(ms)
139	87.1638868765	130	0.0	-0.085	0.005573	0.027495	620	592	1	3578
140	135.698990427	90	0.0	-0.085	-0.080020	-0.006909	1042	535	1	2650
141	47.2857290558	50	0.0	-0.085	0.076514	-0.002124	364	429	1	3349
142	45.9118732439	130	0.0	-0.085	0.079325	-0.003109	364	404	1	2869
143	88.3328640776	90	0.0	-0.085	0.003312	0.028794	748	608	1	2829
144	136.034961972	50	0.0	-0.085	-0.080812	-0.007056	1025	566	1	2969
145	135.240195141	130	0.0	-0.085	-0.079167	-0.006494	1053	547	1	2769
146	88.8273640662	90	0.0	-0.085	0.002299	0.027315	586	592	1	2890
147	48.6403298122	50	0.0	-0.085	0.076092	0.001432	372	454	1	2693
148	88.6618936658	130	0.0	-0.085	0.002637	0.027892	776	612	1	2769
149	46.8618104234	50	0.0	-0.085	0.078873	-0.000827	397	443	1	2544
150	136.068087118	90	0.0	-0.085	-0.079579	-0.008334	1103	488	1	3009
151	88.3613058292	90	0.0	-0.085	0.003227	0.027799	577	561	1	2749
152	134.695339371	50	0.0	-0.085	-0.077818	-0.006350	1107	493	1	2649
153	48.6732388095	130	0.0	-0.085	0.082767	0.009123	314	367	1	2889
154	88.886547345	130	0.0	-0.085	0.002145	0.025363	541	551	1	2689
155	135.259967169	90	0.0	-0.085	-0.079370	-0.006347	1094	536	1	2842
156	46.9313165091	50	0.0	-0.085	0.077556	-0.002031	367	440	1	2917
283	135.500173287	90	0.0	-0.085	-0.079671	-0.006708	1091	556	2	3269
284	87.208755499	130	0.0	-0.085	0.005455	0.026886	784	615	2	2649
285	47.6323187252	50	0.0	-0.085	0.075575	-0.002141	302	376	2	4514
286	46.5696449654	50	0.0	-0.085	0.078866	-0.001690	290	317	2	3492
287	134.561436385	90	0.0	-0.085	-0.078498	-0.005291	1069	508	2	2890
288	88.0331056515	130	0.0	-0.085	0.003886	0.028155	769	639	2	2850
289	136.224038918	90	0.0	-0.085	-0.080259	-0.008099	1094	522	2	3049
290	46.5740152811	130	0.0	-0.085	0.078393	-0.002177	289	329	2	3509
291	87.9365847454	50	0.0	-0.085	0.003995	0.025883	474	521	2	2889
292	135.519887448	90	0.0	-0.085	-0.079734	-0.006700	1070	526	2	3089
293	49.6002124306	130	0.0	-0.085	0.077295	0.005822	381	436	2	2865
294	87.8567033187	50	0.0	-0.085	0.004169	0.026396	553	569	2	2747
295	87.5746996328	130	0.0	-0.085	0.004778	0.027809	506	561	2	2589
296	48.4990666486	90	0.0	-0.085	0.076180	0.001103	315	342	2	3231
297	135.718057937	50	0.0	-0.085	-0.080223	-0.006763	1092	488	2	9355
298	88.3755465425	50	0.0	-0.085	0.003149	0.026038	753	636	2	2669
299	47.4733095644	130	0.0	-0.085	0.077186	-0.000845	346	453	2	3539
300	135.978100878	90	0.0	-0.085	-0.080483	-0.007219	1098	528	2	3281
427	45.4010544612	50	0.0	-0.085	0.078307	-0.005589	364	431	3	3169
428	88.2460526627	130	0.0	-0.085	0.003462	0.028057	620	618	3	3909
429	135.864947462	90	0.0	-0.085	-0.079474	-0.007890	982	545	3	2989
430	137.69017432	50	0.0	-0.085	-0.083526	-0.008971	949	596	3	2909
431	49.3459314951	90	0.0	-0.085	0.075875	0.003356	401	470	3	3109
432	87.7632857895	130	0.0	-0.085	0.004416	0.028063	701	636	3	3009
433	48.3990103751	130	0.0	-0.085	0.077062	0.001794	342	386	3	3535
434	87.1364387902	50	0.0	-0.085	0.005688	0.028714	757	623	3	3049
435	136.256811658	90	0.0	-0.085	-0.080911	-0.007563	1135	463	3	2650
436	47.5591400848	90	0.0	-0.085	0.076422	-0.001427	318	354	3	2969
437	88.7482283549	130	0.0	-0.085	0.002471	0.028084	742	618	3	2938
438	136.745014271	50	0.0	-0.085	-0.081025	-0.008766	1043	552	3	2630
439	88.4969705972	130	0.0	-0.085	0.002916	0.026133	505	573	3	2876
440	135.381299591	50	0.0	-0.085	-0.078732	-0.007309	1033	563	3	2869
441	47.6119976155	90	0.0	-0.085	0.076893	-0.000756	343	400	3	3492
442	135.803534686	50	0.0	-0.085	-0.079530	-0.007670	1035	555	3	4860
443	45.8879738587	90	0.0	-0.085	0.079367	-0.003134	418	513	3	5546
444	86.9465085779	130	0.0	-0.085	0.006073	0.028846	517	554	3	3832
571	44.1960435449	90	0.0	-0.085	0.080356	-0.006868	351	478	4	3317
572	135.563070945	130	0.0	-0.085	-0.078914	-0.007622	974	564	4	2873
573	88.5915817674	50	0.0	-0.085	0.002741	0.026484	635	608	4	2725
574	134.79457644	90	0.0	-0.085	-0.077677	-0.006764	929	617	4	2997
575	49.3555030487	50	0.0	-0.085	0.080018	0.008212	359	397	4	3857
576	88.3132086329	130	0.0	-0.085	0.003318	0.027671	519	582	4	3139
577	88.872436266	50	0.0	-0.085	0.002215	0.027538	509	551	4	2921
578	48.0657876819	130	0.0	-0.085	0.077487	0.001257	330	379	4	2571
579	134.736222278	90	0.0	-0.085	-0.077944	-0.006335	1064	553	4	2859
580	134.719186944	90	0.0	-0.085	-0.078371	-0.005857	1145	509	4	2689
581	47.6935600393	50	0.0	-0.085	0.076992	-0.000406	316	358	4	2624
582	88.525549952	130	0.0	-0.085	0.002863	0.026229	741	628	4	2934
583	88.8496878031	50	0.0	-0.085	0.002270	0.028051	722	654	4	2943
584	46.4078959913	90	0.0	-0.085	0.076538	-0.004605	408	500	4	2809
585	135.598674522	130	0.0	-0.085	-0.080020	-0.006635	1083	558	4	2629
586	46.7439308654	50	0.0	-0.085	0.078098	-0.001997	335	355	4	2880
587	87.5179846348	130	0.0	-0.085	0.004833	0.026497	553	574	4	2578
588	134.714477661	90	0.0	-0.085	-0.077671	-0.006551	1027	536	4	2992
