Trial#	TargetAngle	XCursor(px)	YCursor(px)	XRobot(m)	YRobot(m)	XScreenOffset(px)	YScreenOffset(px)	XHomePosition(m)	YHomePosition(m)	XTarget(m)	YTarget(m)	Block#	Rotation	Time(ms)
262	130	527.278955954	117.955954323	-0.000221	-0.084914	528	395	0.0	-0.085	0	0	4	0	1
262	130	527.278955954	117.955954323	-0.000221	-0.084914	528	395	0.0	-0.085	0	0	4	0	20
262	130	526.776508972	118.125611746	-0.000375	-0.084862	528	395	0.0	-0.085	0	0	4	0	40
262	130	526.36867863	118.383360522	-0.000500	-0.084783	528	395	0.0	-0.085	0	0	4	0	61
262	130	525.908646003	118.383360522	-0.000641	-0.084783	528	395	0.0	-0.085	0	0	4	0	80
262	130	525.45187602	118.386623165	-0.000781	-0.084782	528	395	0.0	-0.085	0	0	4	0	100
262	130	524.854812398	118.471451876	-0.000964	-0.084756	528	395	0.0	-0.085	0	0	4	0	121
262	130	524.394779772	118.471451876	-0.001105	-0.084756	528	395	0.0	-0.085	0	0	4	0	140
262	130	523.934747145	118.471451876	-0.001246	-0.084756	528	395	0.0	-0.085	0	0	4	0	161
262	130	523.611745514	118.386623165	-0.001345	-0.084782	528	395	0.0	-0.085	0	0	4	0	180
262	130	523.517128874	118.301794454	-0.001374	-0.084808	528	395	0.0	-0.085	0	0	4	0	201
262	130	523.422512235	118.216965742	-0.001403	-0.084834	528	395	0.0	-0.085	0	0	4	0	220
262	130	523.331158238	118.132137031	-0.001431	-0.084860	528	395	0.0	-0.085	0	0	4	0	240
262	130	523.331158238	118.132137031	-0.001431	-0.084860	528	395	0.0	-0.085	0	0	4	0	260
262	130	523.422512235	118.216965742	-0.001403	-0.084834	528	395	0.0	-0.085	0	0	4	0	280
262	130	523.517128874	118.301794454	-0.001374	-0.084808	528	395	0.0	-0.085	0	0	4	0	301
262	130	523.517128874	118.301794454	-0.001374	-0.084808	528	395	0.0	-0.085	0	0	4	0	321
262	130	523.383360522	118.386623165	-0.001415	-0.084782	528	395	0.0	-0.085	0	0	4	0	341
262	130	523.383360522	118.386623165	-0.001415	-0.084782	528	395	0.0	-0.085	0	0	4	0	360
262	130	523.517128874	118.301794454	-0.001374	-0.084808	528	395	0.0	-0.085	0	0	4	0	381
262	130	523.517128874	118.301794454	-0.001374	-0.084808	528	395	0.0	-0.085	0	0	4	0	400
262	130	523.517128874	118.301794454	-0.001374	-0.084808	528	395	0.0	-0.085	0	0	4	0	421
262	130	523.517128874	118.301794454	-0.001374	-0.084808	528	395	0.0	-0.085	0	0	4	0	440
262	130	523.383360522	118.386623165	-0.001415	-0.084782	528	395	0.0	-0.085	0	0	4	0	460
262	130	523.288743883	118.301794454	-0.001444	-0.084808	528	395	0.0	-0.085	0	0	4	0	481
262	130	523.288743883	118.301794454	-0.001444	-0.084808	528	395	0.0	-0.085	0	0	4	0	501
262	130	523.288743883	118.301794454	-0.001444	-0.084808	528	395	0.0	-0.085	0	0	4	0	520
262	130	523.288743883	118.301794454	-0.001444	-0.084808	528	395	0.0	-0.085	0	0	4	0	540
262	130	523.151712887	118.389885808	-0.001486	-0.084781	528	395	0.0	-0.085	0	0	4	0	560
262	130	523.151712887	118.389885808	-0.001486	-0.084781	528	395	0.0	-0.085	0	0	4	0	580
262	130	523.014681892	118.474714519	-0.001528	-0.084755	528	395	0.0	-0.085	0	0	4	0	600
262	130	523.014681892	118.474714519	-0.001528	-0.084755	528	395	0.0	-0.085	0	0	4	0	620
262	130	523.014681892	118.474714519	-0.001528	-0.084755	528	395	0.0	-0.085	0	0	4	0	640
262	130	522.7862969	118.474714519	-0.001598	-0.084755	528	395	0.0	-0.085	0	0	4	0	661
262	130	522.649265905	118.562805873	-0.001640	-0.084728	528	395	0.0	-0.085	0	0	4	0	680
262	130	522.649265905	118.562805873	-0.001640	-0.084728	528	395	0.0	-0.085	0	0	4	0	700
262	130	522.691680261	118.389885808	-0.001627	-0.084781	528	395	0.0	-0.085	0	0	4	0	721
262	130	522.828711256	118.301794454	-0.001585	-0.084808	528	395	0.0	-0.085	0	0	4	0	740
262	130	522.923327896	118.389885808	-0.001556	-0.084781	528	395	0.0	-0.085	0	0	4	0	761
262	130	522.743882545	118.647634584	-0.001611	-0.084702	528	395	0.0	-0.085	0	0	4	0	781
262	130	522.701468189	118.817292007	-0.001624	-0.084650	528	395	0.0	-0.085	0	0	4	0	800
262	130	522.525285481	119.078303426	-0.001678	-0.084570	528	395	0.0	-0.085	0	0	4	0	820
262	130	522.117455139	119.336052202	-0.001803	-0.084491	528	395	0.0	-0.085	0	0	4	0	840
262	130	521.438825449	119.766721044	-0.002011	-0.084359	528	395	0.0	-0.085	0	0	4	0	860
262	130	520.893964111	120.112561175	-0.002178	-0.084253	528	395	0.0	-0.085	0	0	4	0	880
262	130	520.446982055	120.543230016	-0.002315	-0.084121	528	395	0.0	-0.085	0	0	4	0	900
262	130	519.497553018	121.146818923	-0.002606	-0.083936	528	395	0.0	-0.085	0	0	4	0	920
262	130	518.453507341	121.668841762	-0.002926	-0.083776	528	395	0.0	-0.085	0	0	4	0	941
262	130	517.911908646	122.014681892	-0.003092	-0.083670	528	395	0.0	-0.085	0	0	4	0	961
262	130	517.367047308	122.360522023	-0.003259	-0.083564	528	395	0.0	-0.085	0	0	4	0	980
262	130	517.233278956	122.448613377	-0.003300	-0.083537	528	395	0.0	-0.085	0	0	4	0	1000
262	130	517.096247961	122.533442088	-0.003342	-0.083511	528	395	0.0	-0.085	0	0	4	0	1020
262	130	517.057096248	122.706362153	-0.003354	-0.083458	528	395	0.0	-0.085	0	0	4	0	1041
262	130	517.148450245	122.794453507	-0.003326	-0.083431	528	395	0.0	-0.085	0	0	4	0	1061
262	130	517.380097879	122.791190865	-0.003255	-0.083432	528	395	0.0	-0.085	0	0	4	0	1080
262	130	517.836867863	122.791190865	-0.003115	-0.083432	528	395	0.0	-0.085	0	0	4	0	1100
262	130	518.430668842	122.699836868	-0.002933	-0.083460	528	395	0.0	-0.085	0	0	4	0	1120
262	130	519.350734095	122.696574225	-0.002651	-0.083461	528	395	0.0	-0.085	0	0	4	0	1140
262	130	519.902120718	122.781402936	-0.002482	-0.083435	528	395	0.0	-0.085	0	0	4	0	1160
262	130	520.54812398	122.951060359	-0.002284	-0.083383	528	395	0.0	-0.085	0	0	4	0	1180
262	130	521.102773246	123.03588907	-0.002114	-0.083357	528	395	0.0	-0.085	0	0	4	0	1201
262	130	521.748776509	123.208809135	-0.001916	-0.083304	528	395	0.0	-0.085	0	0	4	0	1221
262	130	522.257748777	123.463295269	-0.001760	-0.083226	528	395	0.0	-0.085	0	0	4	0	1241
262	130	522.225122349	124.066884176	-0.001770	-0.083041	528	395	0.0	-0.085	0	0	4	0	1260
262	130	521.921696574	124.843393148	-0.001863	-0.082803	528	395	0.0	-0.085	0	0	4	0	1280
262	130	521.722675367	126.138662316	-0.001924	-0.082406	528	395	0.0	-0.085	0	0	4	0	1300
262	130	521.24959217	127.610114192	-0.002069	-0.081955	528	395	0.0	-0.085	0	0	4	0	1321
262	130	520.068515498	130.11908646	-0.002431	-0.081186	528	395	0.0	-0.085	0	0	4	0	1340
262	130	518.172920065	133.247960848	-0.003012	-0.080227	528	395	0.0	-0.085	0	0	4	0	1360
262	130	515.301794454	137.603588907	-0.003892	-0.078892	528	395	0.0	-0.085	0	0	4	0	1380
262	130	511.507340946	143.032626427	-0.005055	-0.077228	528	395	0.0	-0.085	0	0	4	0	1400
262	130	506.969004894	149.283849918	-0.006446	-0.075312	528	395	0.0	-0.085	0	0	4	0	1420
262	130	500.98858075	156.996737357	-0.008279	-0.072948	528	395	0.0	-0.085	0	0	4	0	1440
262	130	493.318107667	166.383360522	-0.010630	-0.070071	528	395	0.0	-0.085	0	0	4	0	1460
262	130	484.822185971	176.765089723	-0.013234	-0.066889	528	395	0.0	-0.085	0	0	4	0	1481
262	130	474.854812398	188.628058728	-0.016289	-0.063253	528	395	0.0	-0.085	0	0	4	0	1501
262	130	463.442088091	201.567699837	-0.019787	-0.059287	528	395	0.0	-0.085	0	0	4	0	1521
262	130	451.442088091	215.329526917	-0.023465	-0.055069	528	395	0.0	-0.085	0	0	4	0	1541
262	130	438.4045677	230.138662316	-0.027461	-0.050530	528	395	0.0	-0.085	0	0	4	0	1561
262	130	424.610114192	245.841761827	-0.031689	-0.045717	528	395	0.0	-0.085	0	0	4	0	1580
262	130	410.03588907	262.184339315	-0.036156	-0.040708	528	395	0.0	-0.085	0	0	4	0	1601
262	130	395.04730832	279.078303426	-0.040750	-0.035530	528	395	0.0	-0.085	0	0	4	0	1621
262	130	380.03588907	296.233278956	-0.045351	-0.030272	528	395	0.0	-0.085	0	0	4	0	1640
262	130	364.796084829	313.662316476	-0.050022	-0.024930	528	395	0.0	-0.085	0	0	4	0	1660
262	130	350.417618271	330.406199021	-0.054429	-0.019798	528	395	0.0	-0.085	0	0	4	0	1680
262	130	336.349102773	347.264274062	-0.058741	-0.014631	528	395	0.0	-0.085	0	0	4	0	1700
262	130	322.812398042	363.313213703	-0.062890	-0.009712	528	395	0.0	-0.085	0	0	4	0	1720
262	130	309.853181077	378.814029364	-0.066862	-0.004961	528	395	0.0	-0.085	0	0	4	0	1740
262	130	297.543230016	393.835236542	-0.070635	-0.000357	528	395	0.0	-0.085	0	0	4	0	1760
262	130	285.79771615	408.060358891	-0.074235	0.004003	528	395	0.0	-0.085	0	0	4	0	1781
262	130	275.275693312	420.768352365	-0.077460	0.007898	528	395	0.0	-0.085	-0.077460	0.007898	4	0	2149
263	50	530.430668842	116.840130506	0.000745	-0.085256	528	395	0.0	-0.085	0	0	4	0	0
263	50	530.838499184	116.582381729	0.000870	-0.085335	528	395	0.0	-0.085	0	0	4	0	20
263	50	531.843393148	116.243066884	0.001178	-0.085439	528	395	0.0	-0.085	0	0	4	0	40
263	50	533.402936378	115.98858075	0.001656	-0.085517	528	395	0.0	-0.085	0	0	4	0	61
263	50	535.148450245	115.907014682	0.002191	-0.085542	528	395	0.0	-0.085	0	0	4	0	80
263	50	537.08319739	115.998368679	0.002784	-0.085514	528	395	0.0	-0.085	0	0	4	0	100
263	50	538.659053834	116.605220228	0.003267	-0.085328	528	395	0.0	-0.085	0	0	4	0	120
263	50	540.146818923	117.557911909	0.003723	-0.085036	528	395	0.0	-0.085	0	0	4	0	141
263	50	541.72593801	118.5954323	0.004207	-0.084718	528	395	0.0	-0.085	0	0	4	0	160
263	50	543.030995106	119.805872757	0.004607	-0.084347	528	395	0.0	-0.085	0	0	4	0	180
263	50	544.427406199	121.104404568	0.005035	-0.083949	528	395	0.0	-0.085	0	0	4	0	200
263	50	546.101141925	122.663947798	0.005548	-0.083471	528	395	0.0	-0.085	0	0	4	0	220
263	50	548.003262643	124.660685155	0.006131	-0.082859	528	395	0.0	-0.085	0	0	4	0	240
263	50	550.551386623	127.27406199	0.006912	-0.082058	528	395	0.0	-0.085	0	0	4	0	260
263	50	553.738988581	130.504078303	0.007889	-0.081068	528	395	0.0	-0.085	0	0	4	0	280
263	50	557.738988581	134.539967374	0.009115	-0.079831	528	395	0.0	-0.085	0	0	4	0	300
263	50	562.727569331	139.564437194	0.010644	-0.078291	528	395	0.0	-0.085	0	0	4	0	320
263	50	568.779771615	145.688417618	0.012499	-0.076414	528	395	0.0	-0.085	0	0	4	0	340
263	50	575.647634584	152.918433931	0.014604	-0.074198	528	395	0.0	-0.085	0	0	4	0	360
263	50	583.579119086	161.117455139	0.017035	-0.071685	528	395	0.0	-0.085	0	0	4	0	380
263	50	592.639477977	170.39314845	0.019812	-0.068842	528	395	0.0	-0.085	0	0	4	0	400
263	50	602.218597064	180.406199021	0.022748	-0.065773	528	395	0.0	-0.085	0	0	4	0	420
263	50	612.557911909	191.446982055	0.025917	-0.062389	528	395	0.0	-0.085	0	0	4	0	440
263	50	623.45187602	203.362153344	0.029256	-0.058737	528	395	0.0	-0.085	0	0	4	0	460
263	50	634.923327896	215.991843393	0.032772	-0.054866	528	395	0.0	-0.085	0	0	4	0	480
263	50	646.812398042	229.44045677	0.036416	-0.050744	528	395	0.0	-0.085	0	0	4	0	500
263	50	658.7862969	243.623164763	0.040086	-0.046397	528	395	0.0	-0.085	0	0	4	0	520
263	50	670.388254486	258.520391517	0.043642	-0.041831	528	395	0.0	-0.085	0	0	4	0	540
263	50	681.72593801	273.776508972	0.047117	-0.037155	528	395	0.0	-0.085	0	0	4	0	560
263	50	692.691680261	288.996737357	0.050478	-0.032490	528	395	0.0	-0.085	0	0	4	0	580
263	50	703.582381729	304.295269168	0.053816	-0.027801	528	395	0.0	-0.085	0	0	4	0	600
263	50	713.69004894	319.51223491	0.056914	-0.023137	528	395	0.0	-0.085	0	0	4	0	620
263	50	723.092985318	334.438825449	0.059796	-0.018562	528	395	0.0	-0.085	0	0	4	0	640
263	50	732.352365416	348.719412724	0.062634	-0.014185	528	395	0.0	-0.085	0	0	4	0	661
263	50	741.004893964	362.1908646	0.065286	-0.010056	528	395	0.0	-0.085	0	0	4	0	680
263	50	749.08319739	374.827079935	0.067762	-0.006183	528	395	0.0	-0.085	0	0	4	0	700
263	50	756.47634584	386.696574225	0.070028	-0.002545	528	395	0.0	-0.085	0	0	4	0	720
263	50	763.278955954	397.584013051	0.072113	0.000792	528	395	0.0	-0.085	0	0	4	0	740
263	50	769.517128874	407.779771615	0.074025	0.003917	528	395	0.0	-0.085	0	0	4	0	760
263	50	774.946166395	416.823817292	0.075689	0.006689	528	395	0.0	-0.085	0	0	4	0	780
263	50	779.719412724	425.231647635	0.077152	0.009266	528	395	0.0	-0.085	0.077152	0.009266	4	0	1149
264	90	528.760195759	116.15497553	0.000233	-0.085466	528	395	0.0	-0.085	0	0	4	0	0
264	90	528.851549755	116.239804241	0.000261	-0.085440	528	395	0.0	-0.085	0	0	4	0	21
264	90	529.168026101	115.897226754	0.000358	-0.085545	528	395	0.0	-0.085	0	0	4	0	40
264	90	529.575856444	115.639477977	0.000483	-0.085624	528	395	0.0	-0.085	0	0	4	0	60
264	90	529.618270799	115.469820555	0.000496	-0.085676	528	395	0.0	-0.085	0	0	4	0	80
264	90	529.755301794	115.381729201	0.000538	-0.085703	528	395	0.0	-0.085	0	0	4	0	100
264	90	529.849918434	115.469820555	0.000567	-0.085676	528	395	0.0	-0.085	0	0	4	0	120
264	90	529.807504078	115.639477977	0.000554	-0.085624	528	395	0.0	-0.085	0	0	4	0	140
264	90	529.533442088	115.812398042	0.000470	-0.085571	528	395	0.0	-0.085	0	0	4	0	160
264	90	528.98858075	116.15497553	0.000303	-0.085466	528	395	0.0	-0.085	0	0	4	0	180
264	90	528.580750408	116.409461664	0.000178	-0.085388	528	395	0.0	-0.085	0	0	4	0	201
264	90	527.993474715	116.924959217	-0.000002	-0.085230	528	395	0.0	-0.085	0	0	4	0	220
264	90	527.406199021	117.44045677	-0.000182	-0.085072	528	395	0.0	-0.085	0	0	4	0	241
264	90	526.694942904	118.471451876	-0.000400	-0.084756	528	395	0.0	-0.085	0	0	4	0	260
264	90	526.261011419	119.756933116	-0.000533	-0.084362	528	395	0.0	-0.085	0	0	4	0	280
264	90	525.2137031	122.168026101	-0.000854	-0.083623	528	395	0.0	-0.085	0	0	4	0	300
264	90	524.587275693	125.182707993	-0.001046	-0.082699	528	395	0.0	-0.085	0	0	4	0	321
264	90	523.76182708	129.505709625	-0.001299	-0.081374	528	395	0.0	-0.085	0	0	4	0	340
264	90	523.089722675	134.621533442	-0.001505	-0.079806	528	395	0.0	-0.085	0	0	4	0	360
264	90	522.704730832	140.885807504	-0.001623	-0.077886	528	395	0.0	-0.085	0	0	4	0	380
264	90	522.381729201	148.32137031	-0.001722	-0.075607	528	395	0.0	-0.085	0	0	4	0	400
264	90	522.698205546	156.846655791	-0.001625	-0.072994	528	395	0.0	-0.085	0	0	4	0	421
264	90	522.339314845	166.755301794	-0.001735	-0.069957	528	395	0.0	-0.085	0	0	4	0	440
264	90	522.51223491	177.711256117	-0.001682	-0.066599	528	395	0.0	-0.085	0	0	4	0	460
264	90	522.267536705	189.91680261	-0.001757	-0.062858	528	395	0.0	-0.085	0	0	4	0	480
264	90	522.218597064	202.670473083	-0.001772	-0.058949	528	395	0.0	-0.085	0	0	4	0	501
264	90	521.650897227	216.171288744	-0.001946	-0.054811	528	395	0.0	-0.085	0	0	4	0	520
264	90	520.659053834	230.520391517	-0.002250	-0.050413	528	395	0.0	-0.085	0	0	4	0	540
264	90	519.334420881	245.365415987	-0.002656	-0.045863	528	395	0.0	-0.085	0	0	4	0	560
264	90	518.065252855	260.435562806	-0.003045	-0.041244	528	395	0.0	-0.085	0	0	4	0	580
264	90	516.378466558	275.920065253	-0.003562	-0.036498	528	395	0.0	-0.085	0	0	4	0	600
264	90	513.768352365	291.734094617	-0.004362	-0.031651	528	395	0.0	-0.085	0	0	4	0	620
264	90	511.608482871	307.489396411	-0.005024	-0.026822	528	395	0.0	-0.085	0	0	4	0	640
264	90	509.230016313	322.895595432	-0.005753	-0.022100	528	395	0.0	-0.085	0	0	4	0	660
264	90	507.383360522	337.831973899	-0.006319	-0.017522	528	395	0.0	-0.085	0	0	4	0	680
264	90	505.742251223	351.893964111	-0.006822	-0.013212	528	395	0.0	-0.085	0	0	4	0	701
264	90	504.055464927	365.261011419	-0.007339	-0.009115	528	395	0.0	-0.085	0	0	4	0	720
264	90	502.329526917	377.91680261	-0.007868	-0.005236	528	395	0.0	-0.085	0	0	4	0	741
264	90	500.44045677	389.949429038	-0.008447	-0.001548	528	395	0.0	-0.085	0	0	4	0	760
264	90	498.525285481	401.241435563	-0.009034	0.001913	528	395	0.0	-0.085	0	0	4	0	781
264	90	496.704730832	411.681892333	-0.009592	0.005113	528	395	0.0	-0.085	0	0	4	0	800
264	90	494.613376835	421.564437194	-0.010233	0.008142	528	395	0.0	-0.085	0	0	4	0	820
264	90	493.194127243	430.256117455	-0.010668	0.010806	528	395	0.0	-0.085	0	0	4	0	840
264	90	491.951060359	438.15497553	-0.011049	0.013227	528	395	0.0	-0.085	0	0	4	0	860
264	90	490.123980424	445.580750408	-0.011609	0.015503	528	395	0.0	-0.085	0	0	4	0	880
264	90	488.189233279	452.621533442	-0.012202	0.017661	528	395	0.0	-0.085	0	0	4	0	900
264	90	485.76182708	460.624796085	-0.012946	0.020114	528	395	0.0	-0.085	0	0	4	0	924
264	90	484.391517129	464.693311582	-0.013366	0.021361	528	395	0.0	-0.085	0	0	4	0	940
264	90	482.270799347	470.445350734	-0.014016	0.023124	528	395	0.0	-0.085	0	0	4	0	960
264	90	479.686786297	476.122349103	-0.014808	0.024864	528	395	0.0	-0.085	0	0	4	0	981
264	90	476.84502447	481.717781403	-0.015679	0.026579	528	395	0.0	-0.085	0	0	4	0	1000
264	90	474.13050571	487.221859706	-0.016511	0.028266	528	395	0.0	-0.085	0	0	4	0	1021
264	90	471.585644372	492.422512235	-0.017291	0.029860	528	395	0.0	-0.085	0	0	4	0	1040
264	90	468.825448613	497.329526917	-0.018137	0.031364	528	395	0.0	-0.085	0	0	4	0	1061
264	90	465.840130506	502.464926591	-0.019052	0.032938	528	395	0.0	-0.085	0	0	4	0	1081
264	90	462.907014682	507.4045677	-0.019951	0.034452	528	395	0.0	-0.085	-0.019951	0.034452	4	0	1449
265	90	529.32137031	116.66721044	0.000405	-0.085309	528	395	0.0	-0.085	0	0	4	0	0
265	90	529.729200653	116.412724307	0.000530	-0.085387	528	395	0.0	-0.085	0	0	4	0	21
265	90	530.411092985	115.982055465	0.000739	-0.085519	528	395	0.0	-0.085	0	0	4	0	40
265	90	531.008156607	115.897226754	0.000922	-0.085545	528	395	0.0	-0.085	0	0	4	0	60
265	90	531.468189233	115.900489396	0.001063	-0.085544	528	395	0.0	-0.085	0	0	4	0	80
265	90	531.843393148	116.243066884	0.001178	-0.085439	528	395	0.0	-0.085	0	0	4	0	100
265	90	532.218597064	116.585644372	0.001293	-0.085334	528	395	0.0	-0.085	0	0	4	0	120
265	90	532.688417618	117.016313214	0.001437	-0.085202	528	395	0.0	-0.085	0	0	4	0	140
265	90	533.060358891	117.358890701	0.001551	-0.085097	528	395	0.0	-0.085	0	0	4	0	160
265	90	533.435562806	117.704730832	0.001666	-0.084991	528	395	0.0	-0.085	0	0	4	0	180
265	90	533.768352365	118.220228385	0.001768	-0.084833	528	395	0.0	-0.085	0	0	4	0	201
265	90	534.287112561	118.908646003	0.001927	-0.084622	528	395	0.0	-0.085	0	0	4	0	220
265	90	534.897226754	119.681892333	0.002114	-0.084385	528	395	0.0	-0.085	0	0	4	0	240
265	90	535.608482871	120.973898858	0.002332	-0.083989	528	395	0.0	-0.085	0	0	4	0	260
265	90	536.743882545	122.86949429	0.002680	-0.083408	528	395	0.0	-0.085	0	0	4	0	280
265	90	537.800978793	125.978792822	0.003004	-0.082455	528	395	0.0	-0.085	0	0	4	0	300
265	90	539.461663948	129.874388254	0.003513	-0.081261	528	395	0.0	-0.085	0	0	4	0	320
265	90	541.993474715	134.830342577	0.004289	-0.079742	528	395	0.0	-0.085	0	0	4	0	341
265	90	544.430668842	141.460032626	0.005036	-0.077710	528	395	0.0	-0.085	0	0	4	0	360
265	90	547.990212072	149.450244698	0.006127	-0.075261	528	395	0.0	-0.085	0	0	4	0	381
265	90	552.23817292	158.641109299	0.007429	-0.072444	528	395	0.0	-0.085	0	0	4	0	400
265	90	556.610114192	169.411092985	0.008769	-0.069143	528	395	0.0	-0.085	0	0	4	0	420
265	90	561.402936378	181.433931485	0.010238	-0.065458	528	395	0.0	-0.085	0	0	4	0	440
265	90	566.182707993	195.006525285	0.011703	-0.061298	528	395	0.0	-0.085	0	0	4	0	460
265	90	571.380097879	209.71451876	0.013296	-0.056790	528	395	0.0	-0.085	0	0	4	0	480
265	90	576.828711256	225.67862969	0.014966	-0.051897	528	395	0.0	-0.085	0	0	4	0	500
265	90	582.114192496	242.735725938	0.016586	-0.046669	528	395	0.0	-0.085	0	0	4	0	520
265	90	587.24959217	261.192495922	0.018160	-0.041012	528	395	0.0	-0.085	0	0	4	0	540
265	90	591.882544861	280.69004894	0.019580	-0.035036	528	395	0.0	-0.085	0	0	4	0	560
265	90	596.897226754	300.324632953	0.021117	-0.029018	528	395	0.0	-0.085	0	0	4	0	580
265	90	602.169657423	319.701468189	0.022733	-0.023079	528	395	0.0	-0.085	0	0	4	0	600
265	90	607.308319739	339.081566069	0.024308	-0.017139	528	395	0.0	-0.085	0	0	4	0	620
265	90	612.760195759	357.982055465	0.025979	-0.011346	528	395	0.0	-0.085	0	0	4	0	640
265	90	618.110929853	376.370309951	0.027619	-0.005710	528	395	0.0	-0.085	0	0	4	0	660
265	90	622.985318108	394.504078303	0.029113	-0.000152	528	395	0.0	-0.085	0	0	4	0	680
265	90	628.029363785	411.597063622	0.030659	0.005087	528	395	0.0	-0.085	0	0	4	0	700
265	90	633.265905383	427.616639478	0.032264	0.009997	528	395	0.0	-0.085	0	0	4	0	720
265	90	638.577487765	442.634584013	0.033892	0.014600	528	395	0.0	-0.085	0	0	4	0	740
265	90	643.396411093	456.911908646	0.035369	0.018976	528	395	0.0	-0.085	0	0	4	0	760
265	90	647.755301794	470.738988581	0.036705	0.023214	528	395	0.0	-0.085	0	0	4	0	780
265	90	652.567699837	483.430668842	0.038180	0.027104	528	395	0.0	-0.085	0	0	4	0	800
265	90	657.138662316	495.655791191	0.039581	0.030851	528	395	0.0	-0.085	0.039581	0.030851	4	0	1169
266	130	528.358890701	116.840130506	0.000110	-0.085256	528	395	0.0	-0.085	0	0	4	0	0
266	130	528.495921697	116.755301794	0.000152	-0.085282	528	395	0.0	-0.085	0	0	4	0	21
266	130	528.903752039	116.497553018	0.000277	-0.085361	528	395	0.0	-0.085	0	0	4	0	40
266	130	529.177814029	116.324632953	0.000361	-0.085414	528	395	0.0	-0.085	0	0	4	0	60
266	130	529.311582382	116.239804241	0.000402	-0.085440	528	395	0.0	-0.085	0	0	4	0	80
266	130	529.406199021	116.324632953	0.000431	-0.085414	528	395	0.0	-0.085	0	0	4	0	100
266	130	529.406199021	116.324632953	0.000431	-0.085414	528	395	0.0	-0.085	0	0	4	0	120
266	130	529.500815661	116.412724307	0.000460	-0.085387	528	395	0.0	-0.085	0	0	4	0	140
266	130	529.500815661	116.412724307	0.000460	-0.085387	528	395	0.0	-0.085	0	0	4	0	160
266	130	529.22675367	116.582381729	0.000376	-0.085335	528	395	0.0	-0.085	0	0	4	0	180
266	130	528.818923328	116.840130506	0.000251	-0.085256	528	395	0.0	-0.085	0	0	4	0	200
266	130	528.140293638	117.267536705	0.000043	-0.085125	528	395	0.0	-0.085	0	0	4	0	221
266	130	526.871125612	118.2137031	-0.000346	-0.084835	528	395	0.0	-0.085	0	0	4	0	245
266	130	526.150081566	118.814029364	-0.000567	-0.084651	528	395	0.0	-0.085	0	0	4	0	260
266	130	523.931484502	120.363784666	-0.001247	-0.084176	528	395	0.0	-0.085	0	0	4	0	281
266	130	521.676998369	122.086460033	-0.001938	-0.083648	528	395	0.0	-0.085	0	0	4	0	301
266	130	517.836867863	124.686786297	-0.003115	-0.082851	528	395	0.0	-0.085	0	0	4	0	321
266	130	513.288743883	127.903752039	-0.004509	-0.081865	528	395	0.0	-0.085	0	0	4	0	340
266	130	507.402936378	132.014681892	-0.006313	-0.080605	528	395	0.0	-0.085	0	0	4	0	361
266	130	500.995106036	136.507340946	-0.008277	-0.079228	528	395	0.0	-0.085	0	0	4	0	381
266	130	493.455138662	142.092985318	-0.010588	-0.077516	528	395	0.0	-0.085	0	0	4	0	400
266	130	485.373572594	148.259380098	-0.013065	-0.075626	528	395	0.0	-0.085	0	0	4	0	420
266	130	476.437194127	154.938009788	-0.015804	-0.073579	528	395	0.0	-0.085	0	0	4	0	441
266	130	466.636215334	162.765089723	-0.018808	-0.071180	528	395	0.0	-0.085	0	0	4	0	461
266	130	456.623164763	170.856443719	-0.021877	-0.068700	528	395	0.0	-0.085	0	0	4	0	480
266	130	445.588907015	179.962479608	-0.025259	-0.065909	528	395	0.0	-0.085	0	0	4	0	501
266	130	434.463295269	189.450244698	-0.028669	-0.063001	528	395	0.0	-0.085	0	0	4	0	521
266	130	423.246329527	199.319738989	-0.032107	-0.059976	528	395	0.0	-0.085	0	0	4	0	540
266	130	411.474714519	209.789559543	-0.035715	-0.056767	528	395	0.0	-0.085	0	0	4	0	560
266	130	399.504078303	220.76182708	-0.039384	-0.053404	528	395	0.0	-0.085	0	0	4	0	580
266	130	386.969004894	232.553017945	-0.043226	-0.049790	528	395	0.0	-0.085	0	0	4	0	600
266	130	373.918433931	244.990212072	-0.047226	-0.045978	528	395	0.0	-0.085	0	0	4	0	621
266	130	360.776508972	257.597063622	-0.051254	-0.042114	528	395	0.0	-0.085	0	0	4	0	640
266	130	348.221859706	270.135399674	-0.055102	-0.038271	528	395	0.0	-0.085	0	0	4	0	660
266	130	336.061990212	282.415986949	-0.058829	-0.034507	528	395	0.0	-0.085	0	0	4	0	680
266	130	324.13050571	294.057096248	-0.062486	-0.030939	528	395	0.0	-0.085	0	0	4	0	700
266	130	313.145187602	305.07177814	-0.065853	-0.027563	528	395	0.0	-0.085	0	0	4	0	720
266	130	302.358890701	315.407830343	-0.069159	-0.024395	528	395	0.0	-0.085	0	0	4	0	740
266	130	292.51223491	324.876019576	-0.072177	-0.021493	528	395	0.0	-0.085	0	0	4	0	760
266	130	282.672104405	334.138662316	-0.075193	-0.018654	528	395	0.0	-0.085	0	0	4	0	780
266	130	274.110929853	341.969004894	-0.077817	-0.016254	528	395	0.0	-0.085	0	0	4	0	800
266	130	266.323001631	348.980424144	-0.080204	-0.014105	528	395	0.0	-0.085	0	0	4	0	820
266	130	259.079934747	355.189233279	-0.082424	-0.012202	528	395	0.0	-0.085	0	0	4	0	840
266	130	252.877650897	360.615008157	-0.084325	-0.010539	528	395	0.0	-0.085	0	0	4	0	860
266	130	246.975530179	365.44045677	-0.086134	-0.009060	528	395	0.0	-0.085	0	0	4	0	880
266	130	241.32137031	370.057096248	-0.087867	-0.007645	528	395	0.0	-0.085	0	0	4	0	900
266	130	235.915171289	374.468189233	-0.089524	-0.006293	528	395	0.0	-0.085	0	0	4	0	920
266	130	231.089722675	378.324632953	-0.091003	-0.005111	528	395	0.0	-0.085	-0.091003	-0.005111	4	0	1288
267	50	529.076672104	118.125611746	0.000330	-0.084862	528	395	0.0	-0.085	0	0	4	0	0
267	50	529.305057096	118.125611746	0.000400	-0.084862	528	395	0.0	-0.085	0	0	4	0	20
267	50	529.722675367	118.298531811	0.000528	-0.084809	528	395	0.0	-0.085	0	0	4	0	40
267	50	530.329526917	118.641109299	0.000714	-0.084704	528	395	0.0	-0.085	0	0	4	0	61
267	50	531.027732463	119.07177814	0.000928	-0.084572	528	395	0.0	-0.085	0	0	4	0	81
267	50	531.86949429	119.848287113	0.001186	-0.084334	528	395	0.0	-0.085	0	0	4	0	100
267	50	532.711256117	120.621533442	0.001444	-0.084097	528	395	0.0	-0.085	0	0	4	0	121
267	50	533.507340946	121.57096248	0.001688	-0.083806	528	395	0.0	-0.085	0	0	4	0	140
267	50	534.672104405	122.432300163	0.002045	-0.083542	528	395	0.0	-0.085	0	0	4	0	160
267	50	535.696574225	123.384991843	0.002359	-0.083250	528	395	0.0	-0.085	0	0	4	0	180
267	50	536.864600326	124.680261011	0.002717	-0.082853	528	395	0.0	-0.085	0	0	4	0	200
267	50	538.446982055	126.15497553	0.003202	-0.082401	528	395	0.0	-0.085	0	0	4	0	220
267	50	540.626427406	127.978792822	0.003870	-0.081842	528	395	0.0	-0.085	0	0	4	0	240
267	50	543.171288744	130.15497553	0.004650	-0.081175	528	395	0.0	-0.085	0	0	4	0	260
267	50	546.176182708	133.208809135	0.005571	-0.080239	528	395	0.0	-0.085	0	0	4	0	280
267	50	550.042414356	136.889070147	0.006756	-0.079111	528	395	0.0	-0.085	0	0	4	0	300
267	50	554.672104405	141.117455139	0.008175	-0.077815	528	395	0.0	-0.085	0	0	4	0	320
267	50	560.101141925	146.164763458	0.009839	-0.076268	528	395	0.0	-0.085	0	0	4	0	340
267	50	566.362153344	151.871125612	0.011758	-0.074519	528	395	0.0	-0.085	0	0	4	0	360
267	50	573.301794454	158.334420881	0.013885	-0.072538	528	395	0.0	-0.085	0	0	4	0	380
267	50	581.04730832	165.486133768	0.016259	-0.070346	528	395	0.0	-0.085	0	0	4	0	400
267	50	589.575856444	173.339314845	0.018873	-0.067939	528	395	0.0	-0.085	0	0	4	0	420
267	50	598.508972268	181.991843393	0.021611	-0.065287	528	395	0.0	-0.085	0	0	4	0	440
267	50	608.323001631	191.296900489	0.024619	-0.062435	528	395	0.0	-0.085	0	0	4	0	460
267	50	618.724306688	201.446982055	0.027807	-0.059324	528	395	0.0	-0.085	0	0	4	0	481
267	50	629.738988581	212.282218597	0.031183	-0.056003	528	395	0.0	-0.085	0	0	4	0	500
267	50	641.507340946	224.014681892	0.034790	-0.052407	528	395	0.0	-0.085	0	0	4	0	520
267	50	653.259380098	236.533442088	0.038392	-0.048570	528	395	0.0	-0.085	0	0	4	0	540
267	50	664.486133768	250.014681892	0.041833	-0.044438	528	395	0.0	-0.085	0	0	4	0	560
267	50	675.634584013	264.027732463	0.045250	-0.040143	528	395	0.0	-0.085	0	0	4	0	581
267	50	687.024469821	278.220228385	0.048741	-0.035793	528	395	0.0	-0.085	0	0	4	0	600
267	50	698.27406199	292.376835237	0.052189	-0.031454	528	395	0.0	-0.085	0	0	4	0	620
267	50	709.194127243	306.768352365	0.055536	-0.027043	528	395	0.0	-0.085	0	0	4	0	640
267	50	719.481239804	320.977161501	0.058689	-0.022688	528	395	0.0	-0.085	0	0	4	0	660
267	50	728.946166395	334.970636215	0.061590	-0.018399	528	395	0.0	-0.085	0	0	4	0	680
267	50	738.078303426	348.282218597	0.064389	-0.014319	528	395	0.0	-0.085	0	0	4	0	700
267	50	746.694942904	360.879282219	0.067030	-0.010458	528	395	0.0	-0.085	0	0	4	0	720
267	50	755.164763458	372.973898858	0.069626	-0.006751	528	395	0.0	-0.085	0	0	4	0	740
267	50	763.497553018	384.256117455	0.072180	-0.003293	528	395	0.0	-0.085	0	0	4	0	761
267	50	771.034257749	395.137030995	0.074490	0.000042	528	395	0.0	-0.085	0	0	4	0	780
267	50	777.654159869	405.691680261	0.076519	0.003277	528	395	0.0	-0.085	0	0	4	0	800
267	50	783.843393148	416.060358891	0.078416	0.006455	528	395	0.0	-0.085	0.078416	0.006455	4	0	1163
268	130	528.078303426	116.582381729	0.000024	-0.085335	528	395	0.0	-0.085	0	0	4	0	0
268	130	528.215334421	116.497553018	0.000066	-0.085361	528	395	0.0	-0.085	0	0	4	0	20
268	130	528.623164763	116.239804241	0.000191	-0.085440	528	395	0.0	-0.085	0	0	4	0	40
268	130	528.802610114	115.982055465	0.000246	-0.085519	528	395	0.0	-0.085	0	0	4	0	60
268	130	528.707993475	115.897226754	0.000217	-0.085545	528	395	0.0	-0.085	0	0	4	0	80
268	130	528.707993475	115.897226754	0.000217	-0.085545	528	395	0.0	-0.085	0	0	4	0	100
268	130	528.665579119	116.066884176	0.000204	-0.085493	528	395	0.0	-0.085	0	0	4	0	121
268	130	528.528548124	116.15497553	0.000162	-0.085466	528	395	0.0	-0.085	0	0	4	0	140
268	130	528.257748777	116.324632953	0.000079	-0.085414	528	395	0.0	-0.085	0	0	4	0	160
268	130	527.983686786	116.497553018	-0.000005	-0.085361	528	395	0.0	-0.085	0	0	4	0	181
268	130	527.575856444	116.755301794	-0.000130	-0.085282	528	395	0.0	-0.085	0	0	4	0	200
268	130	526.893964111	117.182707993	-0.000339	-0.085151	528	395	0.0	-0.085	0	0	4	0	220
268	130	525.902120718	117.955954323	-0.000643	-0.084914	528	395	0.0	-0.085	0	0	4	0	241
268	130	524.414355628	119.329526917	-0.001099	-0.084493	528	395	0.0	-0.085	0	0	4	0	260
268	130	522.303425775	121.398042414	-0.001746	-0.083859	528	395	0.0	-0.085	0	0	4	0	280
268	130	519.608482871	123.98858075	-0.002572	-0.083065	528	395	0.0	-0.085	0	0	4	0	300
268	130	516.254486134	127.453507341	-0.003600	-0.082003	528	395	0.0	-0.085	0	0	4	0	320
268	130	511.921696574	131.721044046	-0.004928	-0.080695	528	395	0.0	-0.085	0	0	4	0	341
268	130	506.936378467	136.882544861	-0.006456	-0.079113	528	395	0.0	-0.085	0	0	4	0	360
268	130	500.949429038	143.042414356	-0.008291	-0.077225	528	395	0.0	-0.085	0	0	4	0	380
268	130	494.061990212	150.311582382	-0.010402	-0.074997	528	395	0.0	-0.085	0	0	4	0	400
268	130	486.557911909	158.530179445	-0.012702	-0.072478	528	395	0.0	-0.085	0	0	4	0	420
268	130	478.349102773	167.629690049	-0.015218	-0.069689	528	395	0.0	-0.085	0	0	4	0	441
268	130	470.208809135	177.257748777	-0.017713	-0.066738	528	395	0.0	-0.085	0	0	4	0	461
268	130	461.161500816	187.8091354	-0.020486	-0.063504	528	395	0.0	-0.085	0	0	4	0	480
268	130	451.716150082	199.114192496	-0.023381	-0.060039	528	395	0.0	-0.085	0	0	4	0	501
268	130	442.137030995	210.996737357	-0.026317	-0.056397	528	395	0.0	-0.085	0	0	4	0	521
268	130	432.247960848	223.296900489	-0.029348	-0.052627	528	395	0.0	-0.085	0	0	4	0	540
268	130	422.717781403	235.98858075	-0.032269	-0.048737	528	395	0.0	-0.085	0	0	4	0	560
268	130	412.858075041	249.296900489	-0.035291	-0.044658	528	395	0.0	-0.085	0	0	4	0	580
268	130	403.017944535	263.123980424	-0.038307	-0.040420	528	395	0.0	-0.085	0	0	4	0	601
268	130	393.184339315	277.009787928	-0.041321	-0.036164	528	395	0.0	-0.085	0	0	4	0	620
268	130	383.817292007	290.722675367	-0.044192	-0.031961	528	395	0.0	-0.085	0	0	4	0	641
268	130	374.541598695	304.572593801	-0.047035	-0.027716	528	395	0.0	-0.085	0	0	4	0	660
268	130	365.301794454	318.269168026	-0.049867	-0.023518	528	395	0.0	-0.085	0	0	4	0	680
268	130	356.907014682	331.254486134	-0.052440	-0.019538	528	395	0.0	-0.085	0	0	4	0	700
268	130	348.835236542	343.446982055	-0.054914	-0.015801	528	395	0.0	-0.085	0	0	4	0	721
268	130	341.014681892	355.228384992	-0.057311	-0.012190	528	395	0.0	-0.085	0	0	4	0	740
268	130	334.20228385	365.528548124	-0.059399	-0.009033	528	395	0.0	-0.085	0	0	4	0	760
268	130	327.621533442	375.378466558	-0.061416	-0.006014	528	395	0.0	-0.085	0	0	4	0	780
268	130	321.432300163	384.259380098	-0.063313	-0.003292	528	395	0.0	-0.085	0	0	4	0	800
268	130	315.745513866	392.037520392	-0.065056	-0.000908	528	395	0.0	-0.085	0	0	4	0	821
268	130	310.375203915	399.221859706	-0.066702	0.001294	528	395	0.0	-0.085	0	0	4	0	840
268	130	305.207177814	405.920065253	-0.068286	0.003347	528	395	0.0	-0.085	0	0	4	0	861
268	130	300.398042414	411.597063622	-0.069760	0.005087	528	395	0.0	-0.085	0	0	4	0	881
268	130	295.272430669	417.639477977	-0.071331	0.006939	528	395	0.0	-0.085	0	0	4	0	900
268	130	290.33278956	423.179445351	-0.072845	0.008637	528	395	0.0	-0.085	0	0	4	0	920
268	130	285.106035889	428.882544861	-0.074447	0.010385	528	395	0.0	-0.085	-0.074447	0.010385	4	0	1288
269	50	529.977161501	117.267536705	0.000606	-0.085125	528	395	0.0	-0.085	0	0	4	0	0
269	50	530.345840131	117.182707993	0.000719	-0.085151	528	395	0.0	-0.085	0	0	4	0	20
269	50	531.2137031	116.92822186	0.000985	-0.085229	528	395	0.0	-0.085	0	0	4	0	40
269	50	532.182707993	117.185970636	0.001282	-0.085150	528	395	0.0	-0.085	0	0	4	0	60
269	50	533.24959217	117.531810767	0.001609	-0.085044	528	395	0.0	-0.085	0	0	4	0	80
269	50	534.499184339	118.050570962	0.001992	-0.084885	528	395	0.0	-0.085	0	0	4	0	100
269	50	535.572593801	118.823817292	0.002321	-0.084648	528	395	0.0	-0.085	0	0	4	0	120
269	50	536.463295269	119.858075041	0.002594	-0.084331	528	395	0.0	-0.085	0	0	4	0	141
269	50	537.582381729	120.895595432	0.002937	-0.084013	528	395	0.0	-0.085	0	0	4	0	161
269	50	538.473083197	121.929853181	0.003210	-0.083696	528	395	0.0	-0.085	0	0	4	0	180
269	50	539.45187602	123.055464927	0.003510	-0.083351	528	395	0.0	-0.085	0	0	4	0	200
269	50	540.619902121	124.353996737	0.003868	-0.082953	528	395	0.0	-0.085	0	0	4	0	220
269	50	542.199021207	125.828711256	0.004352	-0.082501	528	395	0.0	-0.085	0	0	4	0	240
269	50	544.101141925	127.825448613	0.004935	-0.081889	528	395	0.0	-0.085	0	0	4	0	260
269	50	546.694942904	130.265905383	0.005730	-0.081141	528	395	0.0	-0.085	0	0	4	0	280
269	50	549.879282219	133.499184339	0.006706	-0.080150	528	395	0.0	-0.085	0	0	4	0	300
269	50	553.879282219	137.538336052	0.007932	-0.078912	528	395	0.0	-0.085	0	0	4	0	320
269	50	559.092985318	142.569331158	0.009530	-0.077370	528	395	0.0	-0.085	0	0	4	0	340
269	50	565.096247961	148.42903752	0.011370	-0.075574	528	395	0.0	-0.085	0	0	4	0	360
269	50	571.781402936	155.486133768	0.013419	-0.073411	528	395	0.0	-0.085	0	0	4	0	380
269	50	579.494290375	163.234910277	0.015783	-0.071036	528	395	0.0	-0.085	0	0	4	0	400
269	50	588.065252855	172.230016313	0.018410	-0.068279	528	395	0.0	-0.085	0	0	4	0	420
269	50	597.252854812	182.044045677	0.021226	-0.065271	528	395	0.0	-0.085	0	0	4	0	440
269	50	607.39314845	192.618270799	0.024334	-0.062030	528	395	0.0	-0.085	0	0	4	0	461
269	50	618.13050571	204.331158238	0.027625	-0.058440	528	395	0.0	-0.085	0	0	4	0	480
269	50	629.539967374	216.846655791	0.031122	-0.054604	528	395	0.0	-0.085	0	0	4	0	500
269	50	641.340946166	230.641109299	0.034739	-0.050376	528	395	0.0	-0.085	0	0	4	0	520
269	50	652.900489396	245.525285481	0.038282	-0.045814	528	395	0.0	-0.085	0	0	4	0	540
269	50	663.673735726	261.394779772	0.041584	-0.040950	528	395	0.0	-0.085	0	0	4	0	560
269	50	674.384991843	277.639477977	0.044867	-0.035971	528	395	0.0	-0.085	0	0	4	0	581
269	50	685.008156607	293.982055465	0.048123	-0.030962	528	395	0.0	-0.085	0	0	4	0	600
269	50	695.324632953	310.396411093	0.051285	-0.025931	528	395	0.0	-0.085	0	0	4	0	620
269	50	705.722675367	326.037520392	0.054472	-0.021137	528	395	0.0	-0.085	0	0	4	0	641
269	50	715.810766721	341.137030995	0.057564	-0.016509	528	395	0.0	-0.085	0	0	4	0	660
269	50	725.389885808	355.068515498	0.060500	-0.012239	528	395	0.0	-0.085	0	0	4	0	680
269	50	734.231647635	368.272430669	0.063210	-0.008192	528	395	0.0	-0.085	0	0	4	0	700
269	50	742.632952692	380.556280587	0.065785	-0.004427	528	395	0.0	-0.085	0	0	4	0	720
269	50	750.150081566	392.044045677	0.068089	-0.000906	528	395	0.0	-0.085	0	0	4	0	740
269	50	756.874388254	402.83360522	0.070150	0.002401	528	395	0.0	-0.085	0	0	4	0	760
269	50	762.907014682	412.703099511	0.071999	0.005426	528	395	0.0	-0.085	0	0	4	0	780
269	50	768.326264274	422.057096248	0.073660	0.008293	528	395	0.0	-0.085	0	0	4	0	801
269	50	773.086460033	430.774877651	0.075119	0.010965	528	395	0.0	-0.085	0.075119	0.010965	4	0	1168
270	90	528.140293638	117.267536705	0.000043	-0.085125	528	395	0.0	-0.085	0	0	4	0	0
270	90	528.003262643	117.352365416	0.000001	-0.085099	528	395	0.0	-0.085	0	0	4	0	20
270	90	528.003262643	117.352365416	0.000001	-0.085099	528	395	0.0	-0.085	0	0	4	0	40
270	90	528.003262643	117.352365416	0.000001	-0.085099	528	395	0.0	-0.085	0	0	4	0	60
270	90	528.003262643	117.352365416	0.000001	-0.085099	528	395	0.0	-0.085	0	0	4	0	81
270	90	527.866231648	117.44045677	-0.000041	-0.085072	528	395	0.0	-0.085	0	0	4	0	100
270	90	527.866231648	117.44045677	-0.000041	-0.085072	528	395	0.0	-0.085	0	0	4	0	120
270	90	527.729200653	117.525285481	-0.000083	-0.085046	528	395	0.0	-0.085	0	0	4	0	141
270	90	527.415986949	117.867862969	-0.000179	-0.084941	528	395	0.0	-0.085	0	0	4	0	161
270	90	526.965742251	118.298531811	-0.000317	-0.084809	528	395	0.0	-0.085	0	0	4	0	181
270	90	526.473083197	118.898858075	-0.000468	-0.084625	528	395	0.0	-0.085	0	0	4	0	200
270	90	525.804241436	119.760195759	-0.000673	-0.084361	528	395	0.0	-0.085	0	0	4	0	220
270	90	524.597063622	121.394779772	-0.001043	-0.083860	528	395	0.0	-0.085	0	0	4	0	240
270	90	523.539967374	123.375203915	-0.001367	-0.083253	528	395	0.0	-0.085	0	0	4	0	261
270	90	521.553017945	126.830342577	-0.001976	-0.082194	528	395	0.0	-0.085	0	0	4	0	280
270	90	519.536704731	130.902120718	-0.002594	-0.080946	528	395	0.0	-0.085	0	0	4	0	300
270	90	517.1908646	136.376835237	-0.003313	-0.079268	528	395	0.0	-0.085	0	0	4	0	321
270	90	515.138662316	142.572593801	-0.003942	-0.077369	528	395	0.0	-0.085	0	0	4	0	340
270	90	512.577487765	150.468189233	-0.004727	-0.074949	528	395	0.0	-0.085	0	0	4	0	361
270	90	510.355628059	159.378466558	-0.005408	-0.072218	528	395	0.0	-0.085	0	0	4	0	380
270	90	507.575856444	169.769983687	-0.006260	-0.069033	528	395	0.0	-0.085	0	0	4	0	400
270	90	504.910277325	181.221859706	-0.007077	-0.065523	528	395	0.0	-0.085	0	0	4	0	420
270	90	502.215334421	193.841761827	-0.007903	-0.061655	528	395	0.0	-0.085	0	0	4	0	440
270	90	499.001631321	207.394779772	-0.008888	-0.057501	528	395	0.0	-0.085	0	0	4	0	460
270	90	495.931484502	221.887438825	-0.009829	-0.053059	528	395	0.0	-0.085	0	0	4	0	481
270	90	492.646003263	236.980424144	-0.010836	-0.048433	528	395	0.0	-0.085	0	0	4	0	500
270	90	489.539967374	252.396411093	-0.011788	-0.043708	528	395	0.0	-0.085	0	0	4	0	520
270	90	485.48776509	268.820554649	-0.013030	-0.038674	528	395	0.0	-0.085	0	0	4	0	540
270	90	481.618270799	285.587275693	-0.014216	-0.033535	528	395	0.0	-0.085	0	0	4	0	560
270	90	477.800978793	302.800978793	-0.015386	-0.028259	528	395	0.0	-0.085	0	0	4	0	580
270	90	473.986949429	320.177814029	-0.016555	-0.022933	528	395	0.0	-0.085	0	0	4	0	600
270	90	470.094616639	338.112561175	-0.017748	-0.017436	528	395	0.0	-0.085	0	0	4	0	620
270	90	466.045676998	356.021207178	-0.018989	-0.011947	528	395	0.0	-0.085	0	0	4	0	640
270	90	462.169657423	373.789559543	-0.020177	-0.006501	528	395	0.0	-0.085	0	0	4	0	660
270	90	458.505709625	391.205546493	-0.021300	-0.001163	528	395	0.0	-0.085	0	0	4	0	680
270	90	455.380097879	407.639477977	-0.022258	0.003874	528	395	0.0	-0.085	0	0	4	0	700
270	90	452.336052202	423.277324633	-0.023191	0.008667	528	395	0.0	-0.085	0	0	4	0	720
270	90	449.621533442	437.887438825	-0.024023	0.013145	528	395	0.0	-0.085	0	0	4	0	740
270	90	447.549755302	451.329526917	-0.024658	0.017265	528	395	0.0	-0.085	0	0	4	0	760
270	90	446.078303426	463.27406199	-0.025109	0.020926	528	395	0.0	-0.085	0	0	4	0	780
270	90	444.955954323	474.42903752	-0.025453	0.024345	528	395	0.0	-0.085	0	0	4	0	800
270	90	444.234910277	484.053833605	-0.025674	0.027295	528	395	0.0	-0.085	0	0	4	0	820
270	90	443.823817292	492.549755302	-0.025800	0.029899	528	395	0.0	-0.085	0	0	4	0	841
270	90	443.536704731	499.910277325	-0.025888	0.032155	528	395	0.0	-0.085	0	0	4	0	860
270	90	443.298531811	506.027732463	-0.025961	0.034030	528	395	0.0	-0.085	-0.025961	0.034030	4	0	1228
271	90	529.601957586	116.924959217	0.000491	-0.085230	528	395	0.0	-0.085	0	0	4	0	0
271	90	530.013050571	116.66721044	0.000617	-0.085309	528	395	0.0	-0.085	0	0	4	0	20
271	90	530.923327896	116.239804241	0.000896	-0.085440	528	395	0.0	-0.085	0	0	4	0	40
271	90	531.748776509	116.15497553	0.001149	-0.085466	528	395	0.0	-0.085	0	0	4	0	60
271	90	532.668841762	116.158238173	0.001431	-0.085465	528	395	0.0	-0.085	0	0	4	0	80
271	90	533.872756933	116.419249592	0.001800	-0.085385	528	395	0.0	-0.085	0	0	4	0	100
271	90	534.704730832	116.76182708	0.002055	-0.085280	528	395	0.0	-0.085	0	0	4	0	120
271	90	535.820554649	117.365415987	0.002397	-0.085095	528	395	0.0	-0.085	0	0	4	0	140
271	90	536.47634584	117.969004894	0.002598	-0.084910	528	395	0.0	-0.085	0	0	4	0	160
271	90	537.181076672	118.830342577	0.002814	-0.084646	528	395	0.0	-0.085	0	0	4	0	180
271	90	537.654159869	119.691680261	0.002959	-0.084382	528	395	0.0	-0.085	0	0	4	0	200
271	90	538.0	121.068515498	0.003065	-0.083960	528	395	0.0	-0.085	0	0	4	0	220
271	90	538.391517129	122.706362153	0.003185	-0.083458	528	395	0.0	-0.085	0	0	4	0	240
271	90	539.112561175	124.862969005	0.003406	-0.082797	528	395	0.0	-0.085	0	0	4	0	260
271	90	539.207177814	128.145187602	0.003435	-0.081791	528	395	0.0	-0.085	0	0	4	0	280
271	90	539.996737357	132.301794454	0.003677	-0.080517	528	395	0.0	-0.085	0	0	4	0	300
271	90	540.707993475	138.125611746	0.003895	-0.078732	528	395	0.0	-0.085	0	0	4	0	320
271	90	542.417618271	144.941272431	0.004419	-0.076643	528	395	0.0	-0.085	0	0	4	0	340
271	90	544.525285481	153.290375204	0.005065	-0.074084	528	395	0.0	-0.085	0	0	4	0	360
271	90	547.419249592	162.92822186	0.005952	-0.071130	528	395	0.0	-0.085	0	0	4	0	380
271	90	550.939641109	173.978792822	0.007031	-0.067743	528	395	0.0	-0.085	0	0	4	0	400
271	90	554.933115824	186.106035889	0.008255	-0.064026	528	395	0.0	-0.085	0	0	4	0	420
271	90	559.732463295	199.254486134	0.009726	-0.059996	528	395	0.0	-0.085	0	0	4	0	440
271	90	565.092985318	212.983686786	0.011369	-0.055788	528	395	0.0	-0.085	0	0	4	0	460
271	90	571.168026101	227.502446982	0.013231	-0.051338	528	395	0.0	-0.085	0	0	4	0	480
271	90	577.755301794	242.634584013	0.015250	-0.046700	528	395	0.0	-0.085	0	0	4	0	500
271	90	584.453507341	258.207177814	0.017303	-0.041927	528	395	0.0	-0.085	0	0	4	0	520
271	90	591.543230016	274.327895595	0.019476	-0.036986	528	395	0.0	-0.085	0	0	4	0	540
271	90	598.466557912	290.605220228	0.021598	-0.031997	528	395	0.0	-0.085	0	0	4	0	560
271	90	605.301794454	307.143556281	0.023693	-0.026928	528	395	0.0	-0.085	0	0	4	0	580
271	90	611.996737357	323.355628059	0.025745	-0.021959	528	395	0.0	-0.085	0	0	4	0	600
271	90	618.499184339	339.420880914	0.027738	-0.017035	528	395	0.0	-0.085	0	0	4	0	620
271	90	624.799347471	355.032626427	0.029669	-0.012250	528	395	0.0	-0.085	0	0	4	0	640
271	90	630.685154976	369.864600326	0.031473	-0.007704	528	395	0.0	-0.085	0	0	4	0	660
271	90	636.133768352	384.399673736	0.033143	-0.003249	528	395	0.0	-0.085	0	0	4	0	680
271	90	640.942903752	398.305057096	0.034617	0.001013	528	395	0.0	-0.085	0	0	4	0	700
271	90	644.936378467	411.557911909	0.035841	0.005075	528	395	0.0	-0.085	0	0	4	0	720
271	90	648.858075041	423.769983687	0.037043	0.008818	528	395	0.0	-0.085	0	0	4	0	740
271	90	652.727569331	434.924959217	0.038229	0.012237	528	395	0.0	-0.085	0	0	4	0	760
271	90	655.386623165	445.864600326	0.039044	0.015590	528	395	0.0	-0.085	0	0	4	0	780
271	90	658.029363785	455.717781403	0.039854	0.018610	528	395	0.0	-0.085	0	0	4	0	800
271	90	660.414355628	465.290375204	0.040585	0.021544	528	395	0.0	-0.085	0	0	4	0	820
271	90	662.482871126	474.151712887	0.041219	0.024260	528	395	0.0	-0.085	0	0	4	0	840
271	90	665.021207178	482.350734095	0.041997	0.026773	528	395	0.0	-0.085	0	0	4	0	860
271	90	667.132137031	490.236541599	0.042644	0.029190	528	395	0.0	-0.085	0.042644	0.029190	4	0	1228
272	50	528.411092985	117.097879282	0.000126	-0.085177	528	395	0.0	-0.085	0	0	4	0	0
272	50	528.681892333	116.924959217	0.000209	-0.085230	528	395	0.0	-0.085	0	0	4	0	20
272	50	529.050570962	116.840130506	0.000322	-0.085256	528	395	0.0	-0.085	0	0	4	0	40
272	50	529.458401305	116.582381729	0.000447	-0.085335	528	395	0.0	-0.085	0	0	4	0	60
272	50	529.918433931	116.582381729	0.000588	-0.085335	528	395	0.0	-0.085	0	0	4	0	80
272	50	530.104404568	116.755301794	0.000645	-0.085282	528	395	0.0	-0.085	0	0	4	0	100
272	50	530.430668842	116.840130506	0.000745	-0.085256	528	395	0.0	-0.085	0	0	4	0	120
272	50	530.616639478	117.013050571	0.000802	-0.085203	528	395	0.0	-0.085	0	0	4	0	140
272	50	530.897226754	117.270799347	0.000888	-0.085124	528	395	0.0	-0.085	0	0	4	0	160
272	50	531.272430669	117.613376835	0.001003	-0.085019	528	395	0.0	-0.085	0	0	4	0	180
272	50	531.510603589	118.044045677	0.001076	-0.084887	528	395	0.0	-0.085	0	0	4	0	200
272	50	531.800978793	118.729200653	0.001165	-0.084677	528	395	0.0	-0.085	0	0	4	0	220
272	50	532.557911909	119.848287113	0.001397	-0.084334	528	395	0.0	-0.085	0	0	4	0	240
272	50	533.549755302	121.398042414	0.001701	-0.083859	528	395	0.0	-0.085	0	0	4	0	260
272	50	534.965742251	123.554649266	0.002135	-0.083198	528	395	0.0	-0.085	0	0	4	0	280
272	50	537.122349103	126.406199021	0.002796	-0.082324	528	395	0.0	-0.085	0	0	4	0	300
272	50	539.924959217	130.308319739	0.003655	-0.081128	528	395	0.0	-0.085	0	0	4	0	320
272	50	543.866231648	135.101141925	0.004863	-0.079659	528	395	0.0	-0.085	0	0	4	0	341
272	50	548.799347471	140.885807504	0.006375	-0.077886	528	395	0.0	-0.085	0	0	4	0	360
272	50	554.384991843	148.021207178	0.008087	-0.075699	528	395	0.0	-0.085	0	0	4	0	380
272	50	560.965742251	156.014681892	0.010104	-0.073249	528	395	0.0	-0.085	0	0	4	0	400
272	50	568.473083197	165.058727569	0.012405	-0.070477	528	395	0.0	-0.085	0	0	4	0	420
272	50	576.975530179	174.823817292	0.015011	-0.067484	528	395	0.0	-0.085	0	0	4	0	441
272	50	586.264274062	185.600326264	0.017858	-0.064181	528	395	0.0	-0.085	0	0	4	0	460
272	50	595.72593801	197.489396411	0.020758	-0.060537	528	395	0.0	-0.085	0	0	4	0	480
272	50	605.334420881	210.513866232	0.023703	-0.056545	528	395	0.0	-0.085	0	0	4	0	500
272	50	615.282218597	224.706362153	0.026752	-0.052195	528	395	0.0	-0.085	0	0	4	0	520
272	50	624.554649266	240.422512235	0.029594	-0.047378	528	395	0.0	-0.085	0	0	4	0	540
272	50	634.287112561	256.347471452	0.032577	-0.042497	528	395	0.0	-0.085	0	0	4	0	560
272	50	644.352365416	272.849918434	0.035662	-0.037439	528	395	0.0	-0.085	0	0	4	0	580
272	50	654.659053834	289.084828711	0.038821	-0.032463	528	395	0.0	-0.085	0	0	4	0	600
272	50	664.052202284	305.646003263	0.041700	-0.027387	528	395	0.0	-0.085	0	0	4	0	620
272	50	673.004893964	322.073409462	0.044444	-0.022352	528	395	0.0	-0.085	0	0	4	0	640
272	50	681.181076672	338.422512235	0.046950	-0.017341	528	395	0.0	-0.085	0	0	4	0	660
272	50	688.854812398	354.210440457	0.049302	-0.012502	528	395	0.0	-0.085	0	0	4	0	680
272	50	696.646003263	368.866231648	0.051690	-0.008010	528	395	0.0	-0.085	0	0	4	0	700
272	50	703.911908646	382.810766721	0.053917	-0.003736	528	395	0.0	-0.085	0	0	4	0	720
272	50	710.20228385	396.181076672	0.055845	0.000362	528	395	0.0	-0.085	0	0	4	0	740
272	50	716.218597064	408.820554649	0.057689	0.004236	528	395	0.0	-0.085	0	0	4	0	760
272	50	722.045676998	420.517128874	0.059475	0.007821	528	395	0.0	-0.085	0	0	4	0	780
272	50	727.699836868	431.557911909	0.061208	0.011205	528	395	0.0	-0.085	0	0	4	0	800
272	50	733.203915171	441.623164763	0.062895	0.014290	528	395	0.0	-0.085	0	0	4	0	821
272	50	737.977161501	450.954323002	0.064358	0.017150	528	395	0.0	-0.085	0.064358	0.017150	4	0	1188
273	130	529.125611746	116.066884176	0.000345	-0.085493	528	395	0.0	-0.085	0	0	4	0	0
273	130	529.262642741	115.982055465	0.000387	-0.085519	528	395	0.0	-0.085	0	0	4	0	20
273	130	529.849918434	115.469820555	0.000567	-0.085676	528	395	0.0	-0.085	0	0	4	0	40
273	130	530.394779772	115.127243067	0.000734	-0.085781	528	395	0.0	-0.085	0	0	4	0	60
273	130	530.897226754	114.957585644	0.000888	-0.085833	528	395	0.0	-0.085	0	0	4	0	80
273	130	531.35725938	114.957585644	0.001029	-0.085833	528	395	0.0	-0.085	0	0	4	0	100
273	130	531.543230016	115.127243067	0.001086	-0.085781	528	395	0.0	-0.085	0	0	4	0	121
273	130	531.827079935	115.384991843	0.001173	-0.085702	528	395	0.0	-0.085	0	0	4	0	140
273	130	532.10766721	115.64274062	0.001259	-0.085623	528	395	0.0	-0.085	0	0	4	0	160
273	130	532.251223491	115.985318108	0.001303	-0.085518	528	395	0.0	-0.085	0	0	4	0	180
273	130	532.123980424	116.500815661	0.001264	-0.085360	528	395	0.0	-0.085	0	0	4	0	200
273	130	532.048939641	117.270799347	0.001241	-0.085124	528	395	0.0	-0.085	0	0	4	0	220
273	130	531.288743883	118.471451876	0.001008	-0.084756	528	395	0.0	-0.085	0	0	4	0	240
273	130	529.63132137	120.533442088	0.000500	-0.084124	528	395	0.0	-0.085	0	0	4	0	260
273	130	527.712887439	123.199021207	-0.000088	-0.083307	528	395	0.0	-0.085	0	0	4	0	280
273	130	525.396411093	126.562805873	-0.000798	-0.082276	528	395	0.0	-0.085	0	0	4	0	300
273	130	521.647634584	131.153344209	-0.001947	-0.080869	528	395	0.0	-0.085	0	0	4	0	321
273	130	517.066884176	136.898858075	-0.003351	-0.079108	528	395	0.0	-0.085	0	0	4	0	340
273	130	511.432300163	143.818923328	-0.005078	-0.076987	528	395	0.0	-0.085	0	0	4	0	360
273	130	504.949429038	152.112561175	-0.007065	-0.074445	528	395	0.0	-0.085	0	0	4	0	381
273	130	497.840130506	161.362153344	-0.009244	-0.071610	528	395	0.0	-0.085	0	0	4	0	400
273	130	489.233278956	172.04730832	-0.011882	-0.068335	528	395	0.0	-0.085	0	0	4	0	420
273	130	480.603588907	183.20228385	-0.014527	-0.064916	528	395	0.0	-0.085	0	0	4	0	440
273	130	471.52365416	195.290375204	-0.017310	-0.061211	528	395	0.0	-0.085	0	0	4	0	460
273	130	461.827079935	208.161500816	-0.020282	-0.057266	528	395	0.0	-0.085	0	0	4	0	480
273	130	451.820554649	221.460032626	-0.023349	-0.053190	528	395	0.0	-0.085	0	0	4	0	500
273	130	441.445350734	235.57096248	-0.026529	-0.048865	528	395	0.0	-0.085	0	0	4	0	520
273	130	430.603588907	249.959216966	-0.029852	-0.044455	528	395	0.0	-0.085	0	0	4	0	541
273	130	419.618270799	264.712887439	-0.033219	-0.039933	528	395	0.0	-0.085	0	0	4	0	561
273	130	408.743882545	279.636215334	-0.036552	-0.035359	528	395	0.0	-0.085	0	0	4	0	580
273	130	397.556280587	294.752039152	-0.039981	-0.030726	528	395	0.0	-0.085	0	0	4	0	600
273	130	387.474714519	309.20228385	-0.043071	-0.026297	528	395	0.0	-0.085	0	0	4	0	621
273	130	377.592169657	323.215334421	-0.046100	-0.022002	528	395	0.0	-0.085	0	0	4	0	640
273	130	368.482871126	336.432300163	-0.048892	-0.017951	528	395	0.0	-0.085	0	0	4	0	661
273	130	360.182707993	348.435562806	-0.051436	-0.014272	528	395	0.0	-0.085	0	0	4	0	680
273	130	352.081566069	359.734094617	-0.053919	-0.010809	528	395	0.0	-0.085	0	0	4	0	700
273	130	345.203915171	369.528548124	-0.056027	-0.007807	528	395	0.0	-0.085	0	0	4	0	720
273	130	338.551386623	378.872756933	-0.058066	-0.004943	528	395	0.0	-0.085	0	0	4	0	740
273	130	332.414355628	387.127243067	-0.059947	-0.002413	528	395	0.0	-0.085	0	0	4	0	760
273	130	326.841761827	394.575856444	-0.061655	-0.000130	528	395	0.0	-0.085	0	0	4	0	780
273	130	321.699836868	401.316476346	-0.063231	0.001936	528	395	0.0	-0.085	0	0	4	0	801
273	130	317.246329527	406.905383361	-0.064596	0.003649	528	395	0.0	-0.085	0	0	4	0	820
273	130	312.065252855	412.902120718	-0.066184	0.005487	528	395	0.0	-0.085	0	0	4	0	840
273	130	307.164763458	418.48776509	-0.067686	0.007199	528	395	0.0	-0.085	0	0	4	0	860
273	130	301.973898858	424.233278956	-0.069277	0.008960	528	395	0.0	-0.085	0	0	4	0	880
273	130	297.259380098	429.54812398	-0.070722	0.010589	528	395	0.0	-0.085	0	0	4	0	900
273	130	292.701468189	434.556280587	-0.072119	0.012124	528	395	0.0	-0.085	-0.072119	0.012124	4	0	1268
274	50	529.442088091	118.040783034	0.000442	-0.084888	528	395	0.0	-0.085	0	0	4	0	0
274	50	529.716150082	117.867862969	0.000526	-0.084941	528	395	0.0	-0.085	0	0	4	0	20
274	50	530.499184339	117.955954323	0.000766	-0.084914	528	395	0.0	-0.085	0	0	4	0	40
274	50	531.425774878	118.386623165	0.001050	-0.084782	528	395	0.0	-0.085	0	0	4	0	60
274	50	532.4045677	119.075040783	0.001350	-0.084571	528	395	0.0	-0.085	0	0	4	0	80
274	50	533.800978793	119.936378467	0.001778	-0.084307	528	395	0.0	-0.085	0	0	4	0	100
274	50	535.151712887	120.970636215	0.002192	-0.083990	528	395	0.0	-0.085	0	0	4	0	120
274	50	536.64274062	122.353996737	0.002649	-0.083566	528	395	0.0	-0.085	0	0	4	0	140
274	50	537.905383361	123.737357259	0.003036	-0.083142	528	395	0.0	-0.085	0	0	4	0	160
274	50	539.579119086	125.296900489	0.003549	-0.082664	528	395	0.0	-0.085	0	0	4	0	181
274	50	541.115823817	126.944535073	0.004020	-0.082159	528	395	0.0	-0.085	0	0	4	0	200
274	50	542.88091354	129.029363785	0.004561	-0.081520	528	395	0.0	-0.085	0	0	4	0	220
274	50	544.649265905	131.551386623	0.005103	-0.080747	528	395	0.0	-0.085	0	0	4	0	240
274	50	547.194127243	134.605220228	0.005883	-0.079811	528	395	0.0	-0.085	0	0	4	0	261
274	50	550.600326264	138.288743883	0.006927	-0.078682	528	395	0.0	-0.085	0	0	4	0	281
274	50	554.590538336	142.774877651	0.008150	-0.077307	528	395	0.0	-0.085	0	0	4	0	300
274	50	558.969004894	148.340946166	0.009492	-0.075601	528	395	0.0	-0.085	0	0	4	0	320
274	50	564.541598695	154.921696574	0.011200	-0.073584	528	395	0.0	-0.085	0	0	4	0	340
274	50	571.106035889	162.360522023	0.013212	-0.071304	528	395	0.0	-0.085	0	0	4	0	360
274	50	578.146818923	170.840130506	0.015370	-0.068705	528	395	0.0	-0.085	0	0	4	0	380
274	50	586.137030995	180.216965742	0.017819	-0.065831	528	395	0.0	-0.085	0	0	4	0	400
274	50	595.096247961	190.337683524	0.020565	-0.062729	528	395	0.0	-0.085	0	0	4	0	420
274	50	605.053833605	201.042414356	0.023617	-0.059448	528	395	0.0	-0.085	0	0	4	0	440
274	50	615.876019576	212.716150082	0.026934	-0.055870	528	395	0.0	-0.085	0	0	4	0	461
274	50	627.497553018	225.110929853	0.030496	-0.052071	528	395	0.0	-0.085	0	0	4	0	480
274	50	639.752039152	238.334420881	0.034252	-0.048018	528	395	0.0	-0.085	0	0	4	0	500
274	50	652.176182708	252.389885808	0.038060	-0.043710	528	395	0.0	-0.085	0	0	4	0	520
274	50	664.20228385	266.882544861	0.041746	-0.039268	528	395	0.0	-0.085	0	0	4	0	541
274	50	676.117455139	281.933115824	0.045398	-0.034655	528	395	0.0	-0.085	0	0	4	0	560
274	50	688.146818923	296.791190865	0.049085	-0.030101	528	395	0.0	-0.085	0	0	4	0	580
274	50	699.673735726	311.698205546	0.052618	-0.025532	528	395	0.0	-0.085	0	0	4	0	601
274	50	710.538336052	326.141924959	0.055948	-0.021105	528	395	0.0	-0.085	0	0	4	0	620
274	50	720.362153344	340.360522023	0.058959	-0.016747	528	395	0.0	-0.085	0	0	4	0	641
274	50	729.014681892	353.825448613	0.061611	-0.012620	528	395	0.0	-0.085	0	0	4	0	660
274	50	736.812398042	366.637846656	0.064001	-0.008693	528	395	0.0	-0.085	0	0	4	0	680
274	50	744.185970636	378.216965742	0.066261	-0.005144	528	395	0.0	-0.085	0	0	4	0	700
274	50	750.965742251	388.817292007	0.068339	-0.001895	528	395	0.0	-0.085	0	0	4	0	720
274	50	756.567699837	398.663947798	0.070056	0.001123	528	395	0.0	-0.085	0	0	4	0	740
274	50	761.148450245	407.949429038	0.071460	0.003969	528	395	0.0	-0.085	0	0	4	0	760
274	50	765.275693312	416.318107667	0.072725	0.006534	528	395	0.0	-0.085	0	0	4	0	780
274	50	769.092985318	423.978792822	0.073895	0.008882	528	395	0.0	-0.085	0	0	4	0	800
274	50	772.414355628	430.898858075	0.074913	0.011003	528	395	0.0	-0.085	0.074913	0.011003	4	0	1168
275	130	528.120717781	116.409461664	0.000037	-0.085388	528	395	0.0	-0.085	0	0	4	0	0
275	130	528.391517129	116.239804241	0.000120	-0.085440	528	395	0.0	-0.085	0	0	4	0	20
275	130	528.84502447	115.812398042	0.000259	-0.085571	528	395	0.0	-0.085	0	0	4	0	40
275	130	529.252854812	115.554649266	0.000384	-0.085650	528	395	0.0	-0.085	0	0	4	0	60
275	130	529.295269168	115.381729201	0.000397	-0.085703	528	395	0.0	-0.085	0	0	4	0	80
275	130	529.432300163	115.296900489	0.000439	-0.085729	528	395	0.0	-0.085	0	0	4	0	100
275	130	529.566068515	115.212071778	0.000480	-0.085755	528	395	0.0	-0.085	0	0	4	0	120
275	130	529.703099511	115.127243067	0.000522	-0.085781	528	395	0.0	-0.085	0	0	4	0	140
275	130	529.934747145	115.127243067	0.000593	-0.085781	528	395	0.0	-0.085	0	0	4	0	160
275	130	529.89233279	115.296900489	0.000580	-0.085729	528	395	0.0	-0.085	0	0	4	0	180
275	130	529.849918434	115.469820555	0.000567	-0.085676	528	395	0.0	-0.085	0	0	4	0	200
275	130	529.396411093	115.897226754	0.000428	-0.085545	528	395	0.0	-0.085	0	0	4	0	220
275	130	528.225122349	116.924959217	0.000069	-0.085230	528	395	0.0	-0.085	0	0	4	0	240
275	130	526.828711256	118.383360522	-0.000359	-0.084783	528	395	0.0	-0.085	0	0	4	0	260
275	130	525.174551387	120.448613377	-0.000866	-0.084150	528	395	0.0	-0.085	0	0	4	0	280
275	130	522.851549755	123.378466558	-0.001578	-0.083252	528	395	0.0	-0.085	0	0	4	0	300
275	130	519.324632953	127.528548124	-0.002659	-0.081980	528	395	0.0	-0.085	0	0	4	0	321
275	130	514.828711256	132.915171289	-0.004037	-0.080329	528	395	0.0	-0.085	0	0	4	0	341
275	130	510.006525285	139.293637847	-0.005515	-0.078374	528	395	0.0	-0.085	0	0	4	0	361
275	130	504.101141925	147.032626427	-0.007325	-0.076002	528	395	0.0	-0.085	0	0	4	0	380
275	130	497.347471452	156.158238173	-0.009395	-0.073205	528	395	0.0	-0.085	0	0	4	0	401
275	130	489.941272431	166.435562806	-0.011665	-0.070055	528	395	0.0	-0.085	0	0	4	0	421
275	130	482.420880914	177.525285481	-0.013970	-0.066656	528	395	0.0	-0.085	0	0	4	0	440
275	130	475.275693312	189.247960848	-0.016160	-0.063063	528	395	0.0	-0.085	0	0	4	0	461
275	130	467.970636215	201.538336052	-0.018399	-0.059296	528	395	0.0	-0.085	0	0	4	0	480
275	130	460.691680261	214.582381729	-0.020630	-0.055298	528	395	0.0	-0.085	0	0	4	0	500
275	130	453.174551387	228.132137031	-0.022934	-0.051145	528	395	0.0	-0.085	0	0	4	0	521
275	130	445.471451876	242.474714519	-0.025295	-0.046749	528	395	0.0	-0.085	0	0	4	0	540
275	130	437.618270799	256.967373573	-0.027702	-0.042307	528	395	0.0	-0.085	0	0	4	0	560
275	130	429.745513866	271.51223491	-0.030115	-0.037849	528	395	0.0	-0.085	0	0	4	0	580
275	130	421.676998369	285.923327896	-0.032588	-0.033432	528	395	0.0	-0.085	0	0	4	0	601
275	130	413.680261011	300.474714519	-0.035039	-0.028972	528	395	0.0	-0.085	0	0	4	0	620
275	130	405.778140294	314.48776509	-0.037461	-0.024677	528	395	0.0	-0.085	0	0	4	0	641
275	130	398.176182708	327.926590538	-0.039791	-0.020558	528	395	0.0	-0.085	0	0	4	0	660
275	130	390.502446982	341.097879282	-0.042143	-0.016521	528	395	0.0	-0.085	0	0	4	0	681
275	130	383.601957586	353.247960848	-0.044258	-0.012797	528	395	0.0	-0.085	0	0	4	0	701
275	130	377.187601958	364.76182708	-0.046224	-0.009268	528	395	0.0	-0.085	0	0	4	0	720
275	130	371.719412724	375.192495922	-0.047900	-0.006071	528	395	0.0	-0.085	0	0	4	0	740
275	130	366.508972268	384.970636215	-0.049497	-0.003074	528	395	0.0	-0.085	0	0	4	0	760
275	130	362.042414356	394.145187602	-0.050866	-0.000262	528	395	0.0	-0.085	0	0	4	0	780
275	130	357.843393148	402.435562806	-0.052153	0.002279	528	395	0.0	-0.085	0	0	4	0	800
275	130	354.518760196	409.783034258	-0.053172	0.004531	528	395	0.0	-0.085	0	0	4	0	820
275	130	351.158238173	416.859706362	-0.054202	0.006700	528	395	0.0	-0.085	0	0	4	0	840
275	130	348.30995106	423.306688418	-0.055075	0.008676	528	395	0.0	-0.085	0	0	4	0	860
275	130	345.5954323	428.951060359	-0.055907	0.010406	528	395	0.0	-0.085	0	0	4	0	880
275	130	343.11908646	434.383360522	-0.056666	0.012071	528	395	0.0	-0.085	0	0	4	0	900
275	130	340.600326264	439.528548124	-0.057438	0.013648	528	395	0.0	-0.085	0	0	4	0	920
275	130	337.977161501	444.800978793	-0.058242	0.015264	528	395	0.0	-0.085	0	0	4	0	941
275	130	335.481239804	449.975530179	-0.059007	0.016850	528	395	0.0	-0.085	0	0	4	0	960
275	130	333.187601958	455.143556281	-0.059710	0.018434	528	395	0.0	-0.085	0	0	4	0	981
275	130	331.021207178	460.210440457	-0.060374	0.019987	528	395	0.0	-0.085	-0.060374	0.019987	4	0	1348
276	90	529.474714519	117.44045677	0.000452	-0.085072	528	395	0.0	-0.085	0	0	4	0	0
276	90	529.843393148	117.355628059	0.000565	-0.085098	528	395	0.0	-0.085	0	0	4	0	20
276	90	530.711256117	117.097879282	0.000831	-0.085177	528	395	0.0	-0.085	0	0	4	0	40
276	90	531.859706362	117.101141925	0.001183	-0.085176	528	395	0.0	-0.085	0	0	4	0	60
276	90	532.694942904	117.443719413	0.001439	-0.085071	528	395	0.0	-0.085	0	0	4	0	80
276	90	533.947797716	117.962479608	0.001823	-0.084912	528	395	0.0	-0.085	0	0	4	0	101
276	90	535.292006525	118.566068515	0.002235	-0.084727	528	395	0.0	-0.085	0	0	4	0	120
276	90	536.959216966	119.257748777	0.002746	-0.084515	528	395	0.0	-0.085	0	0	4	0	140
276	90	538.629690049	120.383360522	0.003258	-0.084170	528	395	0.0	-0.085	0	0	4	0	160
276	90	540.352365416	121.766721044	0.003786	-0.083746	528	395	0.0	-0.085	0	0	4	0	181
276	90	542.303425775	123.587275693	0.004384	-0.083188	528	395	0.0	-0.085	0	0	4	0	200
276	90	544.495921697	126.272430669	0.005056	-0.082365	528	395	0.0	-0.085	0	0	4	0	220
276	90	546.874388254	130.008156607	0.005785	-0.081220	528	395	0.0	-0.085	0	0	4	0	240
276	90	550.068515498	134.543230016	0.006764	-0.079830	528	395	0.0	-0.085	0	0	4	0	260
276	90	552.897226754	140.924959217	0.007631	-0.077874	528	395	0.0	-0.085	0	0	4	0	280
276	90	556.610114192	148.660685155	0.008769	-0.075503	528	395	0.0	-0.085	0	0	4	0	300
276	90	560.283849918	158.210440457	0.009895	-0.072576	528	395	0.0	-0.085	0	0	4	0	320
276	90	564.215334421	169.247960848	0.011100	-0.069193	528	395	0.0	-0.085	0	0	4	0	340
276	90	568.336052202	181.991843393	0.012363	-0.065287	528	395	0.0	-0.085	0	0	4	0	360
276	90	571.993474715	196.28548124	0.013484	-0.060906	528	395	0.0	-0.085	0	0	4	0	380
276	90	575.660685155	212.448613377	0.014608	-0.055952	528	395	0.0	-0.085	0	0	4	0	401
276	90	579.944535073	234.334420881	0.015921	-0.049244	528	395	0.0	-0.085	0	0	4	0	427
276	90	582.864600326	248.158238173	0.016816	-0.045007	528	395	0.0	-0.085	0	0	4	0	440
276	90	586.681892333	267.391517129	0.017986	-0.039112	528	395	0.0	-0.085	0	0	4	0	460
276	90	590.075040783	287.016313214	0.019026	-0.033097	528	395	0.0	-0.085	0	0	4	0	480
276	90	593.151712887	306.657422512	0.019969	-0.027077	528	395	0.0	-0.085	0	0	4	0	500
276	90	595.787928222	326.39314845	0.020777	-0.021028	528	395	0.0	-0.085	0	0	4	0	520
276	90	598.355628059	345.639477977	0.021564	-0.015129	528	395	0.0	-0.085	0	0	4	0	540
276	90	600.946166395	364.481239804	0.022358	-0.009354	528	395	0.0	-0.085	0	0	4	0	560
276	90	604.185970636	382.115823817	0.023351	-0.003949	528	395	0.0	-0.085	0	0	4	0	580
276	90	607.621533442	398.703099511	0.024404	0.001135	528	395	0.0	-0.085	0	0	4	0	600
276	90	611.853181077	413.929853181	0.025701	0.005802	528	395	0.0	-0.085	0	0	4	0	620
276	90	616.802610114	427.362153344	0.027218	0.009919	528	395	0.0	-0.085	0	0	4	0	640
276	90	621.419249592	440.252854812	0.028633	0.013870	528	395	0.0	-0.085	0	0	4	0	660
276	90	626.727569331	451.505709625	0.030260	0.017319	528	395	0.0	-0.085	0	0	4	0	680
276	90	631.39314845	461.962479608	0.031690	0.020524	528	395	0.0	-0.085	0	0	4	0	701
276	90	636.60685155	471.365415987	0.033288	0.023406	528	395	0.0	-0.085	0	0	4	0	721
276	90	641.543230016	480.174551387	0.034801	0.026106	528	395	0.0	-0.085	0	0	4	0	740
276	90	646.730831974	488.621533442	0.036391	0.028695	528	395	0.0	-0.085	0	0	4	0	760
276	90	651.5954323	496.673735726	0.037882	0.031163	528	395	0.0	-0.085	0.037882	0.031163	4	0	1129
277	130	528.306688418	116.582381729	0.000094	-0.085335	528	395	0.0	-0.085	0	0	4	0	1
277	130	528.443719413	116.497553018	0.000136	-0.085361	528	395	0.0	-0.085	0	0	4	0	20
277	130	528.623164763	116.239804241	0.000191	-0.085440	528	395	0.0	-0.085	0	0	4	0	40
277	130	528.802610114	115.982055465	0.000246	-0.085519	528	395	0.0	-0.085	0	0	4	0	60
277	130	528.936378467	115.897226754	0.000287	-0.085545	528	395	0.0	-0.085	0	0	4	0	80
277	130	529.073409462	115.812398042	0.000329	-0.085571	528	395	0.0	-0.085	0	0	4	0	100
277	130	529.073409462	115.812398042	0.000329	-0.085571	528	395	0.0	-0.085	0	0	4	0	120
277	130	529.030995106	115.982055465	0.000316	-0.085519	528	395	0.0	-0.085	0	0	4	0	140
277	130	528.893964111	116.066884176	0.000274	-0.085493	528	395	0.0	-0.085	0	0	4	0	160
277	130	528.760195759	116.15497553	0.000233	-0.085466	528	395	0.0	-0.085	0	0	4	0	180
277	130	528.349102773	116.409461664	0.000107	-0.085388	528	395	0.0	-0.085	0	0	4	0	200
277	130	527.898858075	116.840130506	-0.000031	-0.085256	528	395	0.0	-0.085	0	0	4	0	221
277	130	527.135399674	117.610114192	-0.000265	-0.085020	528	395	0.0	-0.085	0	0	4	0	240
277	130	526.192495922	118.641109299	-0.000554	-0.084704	528	395	0.0	-0.085	0	0	4	0	261
277	130	524.078303426	120.706362153	-0.001202	-0.084071	528	395	0.0	-0.085	0	0	4	0	281
277	130	521.340946166	123.466557912	-0.002041	-0.083225	528	395	0.0	-0.085	0	0	4	0	301
277	130	517.442088091	127.277324633	-0.003236	-0.082057	528	395	0.0	-0.085	0	0	4	0	321
277	130	512.430668842	131.975530179	-0.004772	-0.080617	528	395	0.0	-0.085	0	0	4	0	340
277	130	506.544861338	137.580750408	-0.006576	-0.078899	528	395	0.0	-0.085	0	0	4	0	360
277	130	499.526916803	144.282218597	-0.008727	-0.076845	528	395	0.0	-0.085	0	0	4	0	380
277	130	491.259380098	152.197389886	-0.011261	-0.074419	528	395	0.0	-0.085	0	0	4	0	400
277	130	482.371941272	160.637846656	-0.013985	-0.071832	528	395	0.0	-0.085	0	0	4	0	420
277	130	472.531810767	170.158238173	-0.017001	-0.068914	528	395	0.0	-0.085	0	0	4	0	440
277	130	462.4045677	179.877650897	-0.020105	-0.065935	528	395	0.0	-0.085	0	0	4	0	460
277	130	451.55954323	190.265905383	-0.023429	-0.062751	528	395	0.0	-0.085	0	0	4	0	480
277	130	440.019575856	201.342577488	-0.026966	-0.059356	528	395	0.0	-0.085	0	0	4	0	500
277	130	428.221859706	212.654159869	-0.030582	-0.055889	528	395	0.0	-0.085	0	0	4	0	520
277	130	415.882544861	224.588907015	-0.034364	-0.052231	528	395	0.0	-0.085	0	0	4	0	540
277	130	403.050570962	236.980424144	-0.038297	-0.048433	528	395	0.0	-0.085	0	0	4	0	560
277	130	390.215334421	249.626427406	-0.042231	-0.044557	528	395	0.0	-0.085	0	0	4	0	580
277	130	377.252854812	262.634584013	-0.046204	-0.040570	528	395	0.0	-0.085	0	0	4	0	600
277	130	363.83360522	276.125611746	-0.050317	-0.036435	528	395	0.0	-0.085	0	0	4	0	621
277	130	350.858075041	289.858075041	-0.054294	-0.032226	528	395	0.0	-0.085	0	0	4	0	640
277	130	338.078303426	303.365415987	-0.058211	-0.028086	528	395	0.0	-0.085	0	0	4	0	660
277	130	325.885807504	316.794453507	-0.061948	-0.023970	528	395	0.0	-0.085	0	0	4	0	680
277	130	314.231647635	329.652528548	-0.065520	-0.020029	528	395	0.0	-0.085	0	0	4	0	700
277	130	303.634584013	341.760195759	-0.068768	-0.016318	528	395	0.0	-0.085	0	0	4	0	720
277	130	293.517128874	353.446982055	-0.071869	-0.012736	528	395	0.0	-0.085	0	0	4	0	740
277	130	284.120717781	364.275693312	-0.074749	-0.009417	528	395	0.0	-0.085	0	0	4	0	760
277	130	276.094616639	373.747145188	-0.077209	-0.006514	528	395	0.0	-0.085	0	0	4	0	781
277	130	268.195758564	382.676998369	-0.079630	-0.003777	528	395	0.0	-0.085	0	0	4	0	800
277	130	261.194127243	390.455138662	-0.081776	-0.001393	528	395	0.0	-0.085	0	0	4	0	820
277	130	254.933115824	397.384991843	-0.083695	0.000731	528	395	0.0	-0.085	0	0	4	0	840
277	130	249.106035889	403.391517129	-0.085481	0.002572	528	395	0.0	-0.085	-0.085481	0.002572	4	0	1208
278	50	529.680261011	118.471451876	0.000515	-0.084756	528	395	0.0	-0.085	0	0	4	0	0
278	50	530.097879282	118.641109299	0.000643	-0.084704	528	395	0.0	-0.085	0	0	4	0	27
278	50	530.652528548	118.729200653	0.000813	-0.084677	528	395	0.0	-0.085	0	0	4	0	40
278	50	531.902120718	119.244698206	0.001196	-0.084519	528	395	0.0	-0.085	0	0	4	0	60
278	50	533.389885808	120.194127243	0.001652	-0.084228	528	395	0.0	-0.085	0	0	4	0	80
278	50	535.158238173	121.401305057	0.002194	-0.083858	528	395	0.0	-0.085	0	0	4	0	100
278	50	537.066884176	122.957585644	0.002779	-0.083381	528	395	0.0	-0.085	0	0	4	0	120
278	50	539.344208809	124.862969005	0.003477	-0.082797	528	395	0.0	-0.085	0	0	4	0	140
278	50	541.572593801	126.947797716	0.004160	-0.082158	528	395	0.0	-0.085	0	0	4	0	160
278	50	544.261011419	129.469820555	0.004984	-0.081385	528	395	0.0	-0.085	0	0	4	0	180
278	50	547.265905383	132.52365416	0.005905	-0.080449	528	395	0.0	-0.085	0	0	4	0	200
278	50	550.949429038	136.027732463	0.007034	-0.079375	528	395	0.0	-0.085	0	0	4	0	220
278	50	555.168026101	140.076672104	0.008327	-0.078134	528	395	0.0	-0.085	0	0	4	0	240
278	50	560.326264274	144.856443719	0.009908	-0.076669	528	395	0.0	-0.085	0	0	4	0	260
278	50	566.27406199	150.464926591	0.011731	-0.074950	528	395	0.0	-0.085	0	0	4	0	280
278	50	573.132137031	156.83360522	0.013833	-0.072998	528	395	0.0	-0.085	0	0	4	0	300
278	50	580.567699837	163.88091354	0.016112	-0.070838	528	395	0.0	-0.085	0	0	4	0	320
278	50	588.704730832	171.535073409	0.018606	-0.068492	528	395	0.0	-0.085	0	0	4	0	340
278	50	598.159869494	179.564437194	0.021504	-0.066031	528	395	0.0	-0.085	0	0	4	0	360
278	50	608.724306688	188.24959217	0.024742	-0.063369	528	395	0.0	-0.085	0	0	4	0	381
278	50	619.432300163	197.760195759	0.028024	-0.060454	528	395	0.0	-0.085	0	0	4	0	400
278	50	630.662316476	208.311582382	0.031466	-0.057220	528	395	0.0	-0.085	0	0	4	0	420
278	50	643.027732463	219.221859706	0.035256	-0.053876	528	395	0.0	-0.085	0	0	4	0	440
278	50	655.96411093	230.859706362	0.039221	-0.050309	528	395	0.0	-0.085	0	0	4	0	460
278	50	669.275693312	243.042414356	0.043301	-0.046575	528	395	0.0	-0.085	0	0	4	0	480
278	50	682.378466558	255.841761827	0.047317	-0.042652	528	395	0.0	-0.085	0	0	4	0	500
278	50	694.293637847	269.851549755	0.050969	-0.038358	528	395	0.0	-0.085	0	0	4	0	520
278	50	705.752039152	284.474714519	0.054481	-0.033876	528	395	0.0	-0.085	0	0	4	0	540
278	50	716.730831974	299.424143556	0.057846	-0.029294	528	395	0.0	-0.085	0	0	4	0	560
278	50	727.562805873	314.337683524	0.061166	-0.024723	528	395	0.0	-0.085	0	0	4	0	580
278	50	737.820554649	328.879282219	0.064310	-0.020266	528	395	0.0	-0.085	0	0	4	0	600
278	50	747.327895595	343.303425775	0.067224	-0.015845	528	395	0.0	-0.085	0	0	4	0	620
278	50	755.885807504	357.577487765	0.069847	-0.011470	528	395	0.0	-0.085	0	0	4	0	640
278	50	763.171288744	371.747145188	0.072080	-0.007127	528	395	0.0	-0.085	0	0	4	0	660
278	50	770.508972268	385.443719413	0.074329	-0.002929	528	395	0.0	-0.085	0	0	4	0	680
278	50	777.706362153	398.331158238	0.076535	0.001021	528	395	0.0	-0.085	0	0	4	0	700
278	50	784.580750408	410.370309951	0.078642	0.004711	528	395	0.0	-0.085	0	0	4	0	720
278	50	790.884176183	421.71451876	0.080574	0.008188	528	395	0.0	-0.085	0.080574	0.008188	4	0	1089
279	90	529.08319739	116.239804241	0.000332	-0.085440	528	395	0.0	-0.085	0	0	4	0	0
279	90	529.448613377	116.15497553	0.000444	-0.085466	528	395	0.0	-0.085	0	0	4	0	21
279	90	530.03588907	115.639477977	0.000624	-0.085624	528	395	0.0	-0.085	0	0	4	0	40
279	90	530.675367047	115.384991843	0.000820	-0.085702	528	395	0.0	-0.085	0	0	4	0	60
279	90	531.135399674	115.384991843	0.000961	-0.085702	528	395	0.0	-0.085	0	0	4	0	80
279	90	531.69004894	115.469820555	0.001131	-0.085676	528	395	0.0	-0.085	0	0	4	0	100
279	90	532.20228385	115.727569331	0.001288	-0.085597	528	395	0.0	-0.085	0	0	4	0	121
279	90	532.668841762	116.158238173	0.001431	-0.085465	528	395	0.0	-0.085	0	0	4	0	140
279	90	533.096247961	116.758564437	0.001562	-0.085281	528	395	0.0	-0.085	0	0	4	0	161
279	90	533.340946166	117.616639478	0.001637	-0.085018	528	395	0.0	-0.085	0	0	4	0	180
279	90	533.5954323	118.905383361	0.001715	-0.084623	528	395	0.0	-0.085	0	0	4	0	200
279	90	533.680261011	120.882544861	0.001741	-0.084017	528	395	0.0	-0.085	0	0	4	0	220
279	90	533.455138662	123.636215334	0.001672	-0.083173	528	395	0.0	-0.085	0	0	4	0	240
279	90	533.376835237	127.172920065	0.001648	-0.082089	528	395	0.0	-0.085	0	0	4	0	260
279	90	533.32137031	132.017944535	0.001631	-0.080604	528	395	0.0	-0.085	0	0	4	0	281
279	90	533.233278956	138.360522023	0.001604	-0.078660	528	395	0.0	-0.085	0	0	4	0	301
279	90	533.611745514	146.044045677	0.001720	-0.076305	528	395	0.0	-0.085	0	0	4	0	320
279	90	534.264274062	155.352365416	0.001920	-0.073452	528	395	0.0	-0.085	0	0	4	0	340
279	90	535.040783034	166.406199021	0.002158	-0.070064	528	395	0.0	-0.085	0	0	4	0	360
279	90	536.77324633	178.526916803	0.002689	-0.066349	528	395	0.0	-0.085	0	0	4	0	380
279	90	538.544861338	192.187601958	0.003232	-0.062162	528	395	0.0	-0.085	0	0	4	0	400
279	90	541.719412724	206.340946166	0.004205	-0.057824	528	395	0.0	-0.085	0	0	4	0	420
279	90	545.334420881	221.179445351	0.005313	-0.053276	528	395	0.0	-0.085	0	0	4	0	440
279	90	550.029363785	236.256117455	0.006752	-0.048655	528	395	0.0	-0.085	0	0	4	0	460
279	90	554.381729201	252.409461664	0.008086	-0.043704	528	395	0.0	-0.085	0	0	4	0	480
279	90	559.853181077	268.924959217	0.009763	-0.038642	528	395	0.0	-0.085	0	0	4	0	500
279	90	565.28548124	286.464926591	0.011428	-0.033266	528	395	0.0	-0.085	0	0	4	0	520
279	90	571.35725938	304.386623165	0.013289	-0.027773	528	395	0.0	-0.085	0	0	4	0	540
279	90	578.016313214	322.412724307	0.015330	-0.022248	528	395	0.0	-0.085	0	0	4	0	560
279	90	584.123980424	341.20228385	0.017202	-0.016489	528	395	0.0	-0.085	0	0	4	0	580
279	90	590.16639478	360.079934747	0.019054	-0.010703	528	395	0.0	-0.085	0	0	4	0	600
279	90	596.584013051	378.562805873	0.021021	-0.005038	528	395	0.0	-0.085	0	0	4	0	620
279	90	603.334420881	396.030995106	0.023090	0.000316	528	395	0.0	-0.085	0	0	4	0	641
279	90	610.045676998	412.745513866	0.025147	0.005439	528	395	0.0	-0.085	0	0	4	0	661
279	90	616.061990212	428.556280587	0.026991	0.010285	528	395	0.0	-0.085	0	0	4	0	680
279	90	621.425774878	443.743882545	0.028635	0.014940	528	395	0.0	-0.085	0	0	4	0	700
279	90	626.280587276	457.884176183	0.030123	0.019274	528	395	0.0	-0.085	0	0	4	0	721
279	90	631.810766721	470.076672104	0.031818	0.023011	528	395	0.0	-0.085	0	0	4	0	740
279	90	636.760195759	481.584013051	0.033335	0.026538	528	395	0.0	-0.085	0	0	4	0	760
279	90	641.605220228	492.203915171	0.034820	0.029793	528	395	0.0	-0.085	0	0	4	0	780
279	90	646.163132137	501.60685155	0.036217	0.032675	528	395	0.0	-0.085	0.036217	0.032675	4	0	1149
