Trial#	TargetAngle	XCursor(px)	YCursor(px)	XRobot(m)	YRobot(m)	XScreenOffset(px)	YScreenOffset(px)	XHomePosition(m)	YHomePosition(m)	XTarget(m)	YTarget(m)	Block#	Rotation	Time(ms)
289	130	527.800978793	118.641109299	-0.000061	-0.084704	528	395	0.0	-0.085	0	0	4	0	19
289	130	527.526916803	118.814029364	-0.000145	-0.084651	528	395	0.0	-0.085	0	0	4	0	24
289	130	527.350734095	119.07177814	-0.000199	-0.084572	528	395	0.0	-0.085	0	0	4	0	41
289	130	527.402936378	119.329526917	-0.000183	-0.084493	528	395	0.0	-0.085	0	0	4	0	60
289	130	527.360522023	119.499184339	-0.000196	-0.084441	528	395	0.0	-0.085	0	0	4	0	81
289	130	527.409461664	119.756933116	-0.000181	-0.084362	528	395	0.0	-0.085	0	0	4	0	101
289	130	527.096247961	120.102773246	-0.000277	-0.084256	528	395	0.0	-0.085	0	0	4	0	121
289	130	526.195758564	120.960848287	-0.000553	-0.083993	528	395	0.0	-0.085	0	0	4	0	140
289	130	524.848287113	122.252854812	-0.000966	-0.083597	528	395	0.0	-0.085	0	0	4	0	161
289	130	523.32137031	123.805872757	-0.001434	-0.083121	528	395	0.0	-0.085	0	0	4	0	181
289	130	520.492659054	126.48776509	-0.002301	-0.082299	528	395	0.0	-0.085	0	0	4	0	200
289	130	517.001631321	130.04730832	-0.003371	-0.081208	528	395	0.0	-0.085	0	0	4	0	220
289	130	512.763458401	134.402936378	-0.004670	-0.079873	528	395	0.0	-0.085	0	0	4	0	241
289	130	506.890701468	140.45187602	-0.006470	-0.078019	528	395	0.0	-0.085	0	0	4	0	260
289	130	500.169657423	147.864600326	-0.008530	-0.075747	528	395	0.0	-0.085	0	0	4	0	280
289	130	492.515497553	156.579119086	-0.010876	-0.073076	528	395	0.0	-0.085	0	0	4	0	300
289	130	483.171288744	167.619902121	-0.013740	-0.069692	528	395	0.0	-0.085	0	0	4	0	321
289	130	472.655791191	180.866231648	-0.016963	-0.065632	528	395	0.0	-0.085	0	0	4	0	340
289	130	460.900489396	195.84502447	-0.020566	-0.061041	528	395	0.0	-0.085	0	0	4	0	360
289	130	448.16639478	212.608482871	-0.024469	-0.055903	528	395	0.0	-0.085	0	0	4	0	381
289	130	434.4045677	231.13050571	-0.028687	-0.050226	528	395	0.0	-0.085	0	0	4	0	400
289	130	420.649265905	250.220228385	-0.032903	-0.044375	528	395	0.0	-0.085	0	0	4	0	421
289	130	406.60685155	269.8091354	-0.037207	-0.038371	528	395	0.0	-0.085	0	0	4	0	441
289	130	392.554649266	289.029363785	-0.041514	-0.032480	528	395	0.0	-0.085	0	0	4	0	460
289	130	379.194127243	307.433931485	-0.045609	-0.026839	528	395	0.0	-0.085	0	0	4	0	481
289	130	366.212071778	324.216965742	-0.049588	-0.021695	528	395	0.0	-0.085	0	0	4	0	500
289	130	353.344208809	339.551386623	-0.053532	-0.016995	528	395	0.0	-0.085	0	0	4	0	520
289	130	341.370309951	352.830342577	-0.057202	-0.012925	528	395	0.0	-0.085	0	0	4	0	540
289	130	329.957585644	364.624796085	-0.060700	-0.009310	528	395	0.0	-0.085	0	0	4	0	561
289	130	319.314845024	374.676998369	-0.063962	-0.006229	528	395	0.0	-0.085	0	0	4	0	581
289	130	309.76182708	383.319738989	-0.066890	-0.003580	528	395	0.0	-0.085	0	0	4	0	600
289	130	301.862969005	390.657422512	-0.069311	-0.001331	528	395	0.0	-0.085	0	0	4	0	620
289	130	295.102773246	397.323001631	-0.071383	0.000712	528	395	0.0	-0.085	-0.071383	0.000712	4	0	988
290	50	528.812398042	118.72593801	0.000249	-0.084678	528	395	0.0	-0.085	0	0	4	0	19
290	50	528.636215334	118.983686786	0.000195	-0.084599	528	395	0.0	-0.085	0	0	4	0	21
290	50	529.060358891	119.587275693	0.000325	-0.084414	528	395	0.0	-0.085	0	0	4	0	41
290	50	529.445350734	120.360522023	0.000443	-0.084177	528	395	0.0	-0.085	0	0	4	0	60
290	50	530.244698206	121.306688418	0.000688	-0.083887	528	395	0.0	-0.085	0	0	4	0	80
290	50	530.907014682	122.340946166	0.000891	-0.083570	528	395	0.0	-0.085	0	0	4	0	100
290	50	531.755301794	123.54812398	0.001151	-0.083200	528	395	0.0	-0.085	0	0	4	0	120
290	50	533.203915171	125.101141925	0.001595	-0.082724	528	395	0.0	-0.085	0	0	4	0	141
290	50	534.982055465	127.176182708	0.002140	-0.082088	528	395	0.0	-0.085	0	0	4	0	160
290	50	537.265905383	129.95269168	0.002840	-0.081237	528	395	0.0	-0.085	0	0	4	0	180
290	50	540.199021207	133.779771615	0.003739	-0.080064	528	395	0.0	-0.085	0	0	4	0	200
290	50	544.316476346	138.758564437	0.005001	-0.078538	528	395	0.0	-0.085	0	0	4	0	220
290	50	550.234910277	145.091353997	0.006815	-0.076597	528	395	0.0	-0.085	0	0	4	0	241
290	50	557.389885808	153.150081566	0.009008	-0.074127	528	395	0.0	-0.085	0	0	4	0	261
290	50	565.915171289	162.712887439	0.011621	-0.071196	528	395	0.0	-0.085	0	0	4	0	280
290	50	576.176182708	174.004893964	0.014766	-0.067735	528	395	0.0	-0.085	0	0	4	0	300
290	50	587.181076672	186.794453507	0.018139	-0.063815	528	395	0.0	-0.085	0	0	4	0	320
290	50	598.949429038	201.665579119	0.021746	-0.059257	528	395	0.0	-0.085	0	0	4	0	340
290	50	612.737357259	217.538336052	0.025972	-0.054392	528	395	0.0	-0.085	0	0	4	0	360
290	50	628.114192496	234.553017945	0.030685	-0.049177	528	395	0.0	-0.085	0	0	4	0	380
290	50	644.336052202	252.442088091	0.035657	-0.043694	528	395	0.0	-0.085	0	0	4	0	401
290	50	660.323001631	270.993474715	0.040557	-0.038008	528	395	0.0	-0.085	0	0	4	0	420
290	50	675.184339315	289.871125612	0.045112	-0.032222	528	395	0.0	-0.085	0	0	4	0	440
290	50	689.670473083	308.432300163	0.049552	-0.026533	528	395	0.0	-0.085	0	0	4	0	460
290	50	704.055464927	326.194127243	0.053961	-0.021089	528	395	0.0	-0.085	0	0	4	0	480
290	50	717.735725938	342.774877651	0.058154	-0.016007	528	395	0.0	-0.085	0	0	4	0	501
290	50	730.009787928	358.458401305	0.061916	-0.011200	528	395	0.0	-0.085	0	0	4	0	520
290	50	740.792822186	372.990212072	0.065221	-0.006746	528	395	0.0	-0.085	0	0	4	0	540
290	50	749.536704731	386.562805873	0.067901	-0.002586	528	395	0.0	-0.085	0	0	4	0	561
290	50	757.513866232	398.663947798	0.070346	0.001123	528	395	0.0	-0.085	0	0	4	0	580
290	50	764.848287113	408.765089723	0.072594	0.004219	528	395	0.0	-0.085	0.072594	0.004219	4	0	948
291	90	528.75040783	115.724306688	0.000230	-0.085598	528	395	0.0	-0.085	0	0	4	0	19
291	90	529.158238173	115.469820555	0.000355	-0.085676	528	395	0.0	-0.085	0	0	4	0	21
291	90	529.566068515	115.212071778	0.000480	-0.085755	528	395	0.0	-0.085	0	0	4	0	40
291	90	529.650897227	114.86949429	0.000506	-0.085860	528	395	0.0	-0.085	0	0	4	0	61
291	90	529.650897227	114.86949429	0.000506	-0.085860	528	395	0.0	-0.085	0	0	4	0	81
291	90	529.517128874	114.954323002	0.000465	-0.085834	528	395	0.0	-0.085	0	0	4	0	101
291	90	529.474714519	115.127243067	0.000452	-0.085781	528	395	0.0	-0.085	0	0	4	0	120
291	90	529.396411093	115.897226754	0.000428	-0.085545	528	395	0.0	-0.085	0	0	4	0	140
291	90	529.057096248	117.267536705	0.000324	-0.085125	528	395	0.0	-0.085	0	0	4	0	161
291	90	528.91680261	119.241435563	0.000281	-0.084520	528	395	0.0	-0.085	0	0	4	0	180
291	90	528.884176183	122.164763458	0.000271	-0.083624	528	395	0.0	-0.085	0	0	4	0	200
291	90	528.290375204	126.908646003	0.000089	-0.082170	528	395	0.0	-0.085	0	0	4	0	221
291	90	527.673735726	133.140293638	-0.000100	-0.080260	528	395	0.0	-0.085	0	0	4	0	240
291	90	527.132137031	141.4045677	-0.000266	-0.077727	528	395	0.0	-0.085	0	0	4	0	261
291	90	525.980424144	152.177814029	-0.000619	-0.074425	528	395	0.0	-0.085	0	0	4	0	281
291	90	524.619902121	165.244698206	-0.001036	-0.070420	528	395	0.0	-0.085	0	0	4	0	301
291	90	522.681892333	181.20228385	-0.001630	-0.065529	528	395	0.0	-0.085	0	0	4	0	321
291	90	520.734094617	199.590538336	-0.002227	-0.059893	528	395	0.0	-0.085	0	0	4	0	341
291	90	517.876019576	220.494290375	-0.003103	-0.053486	528	395	0.0	-0.085	0	0	4	0	361
291	90	514.851549755	242.686786297	-0.004030	-0.046684	528	395	0.0	-0.085	0	0	4	0	381
291	90	511.305057096	266.781402936	-0.005117	-0.039299	528	395	0.0	-0.085	0	0	4	0	401
291	90	507.973898858	291.013050571	-0.006138	-0.031872	528	395	0.0	-0.085	0	0	4	0	420
291	90	504.933115824	315.469820555	-0.007070	-0.024376	528	395	0.0	-0.085	0	0	4	0	441
291	90	500.760195759	339.962479608	-0.008349	-0.016869	528	395	0.0	-0.085	0	0	4	0	460
291	90	497.200652529	363.264274062	-0.009440	-0.009727	528	395	0.0	-0.085	0	0	4	0	480
291	90	493.070146819	385.143556281	-0.010706	-0.003021	528	395	0.0	-0.085	0	0	4	0	501
291	90	489.738988581	404.915171289	-0.011727	0.003039	528	395	0.0	-0.085	0	0	4	0	520
291	90	486.815660685	422.008156607	-0.012623	0.008278	528	395	0.0	-0.085	0	0	4	0	541
291	90	484.450244698	437.068515498	-0.013348	0.012894	528	395	0.0	-0.085	0	0	4	0	560
291	90	481.722675367	450.177814029	-0.014184	0.016912	528	395	0.0	-0.085	0	0	4	0	581
291	90	478.841761827	461.812398042	-0.015067	0.020478	528	395	0.0	-0.085	0	0	4	0	601
291	90	476.407830343	471.417618271	-0.015813	0.023422	528	395	0.0	-0.085	0	0	4	0	621
291	90	474.329526917	479.384991843	-0.016450	0.025864	528	395	0.0	-0.085	-0.016450	0.025864	4	0	988
292	90	528.946166395	116.324632953	0.000290	-0.085414	528	395	0.0	-0.085	0	0	4	0	19
292	90	529.353996737	116.066884176	0.000415	-0.085493	528	395	0.0	-0.085	0	0	4	0	21
292	90	529.898858075	115.727569331	0.000582	-0.085597	528	395	0.0	-0.085	0	0	4	0	41
292	90	530.172920065	115.554649266	0.000666	-0.085650	528	395	0.0	-0.085	0	0	4	0	61
292	90	530.401305057	115.554649266	0.000736	-0.085650	528	395	0.0	-0.085	0	0	4	0	80
292	90	530.590538336	115.727569331	0.000794	-0.085597	528	395	0.0	-0.085	0	0	4	0	100
292	90	530.828711256	116.15497553	0.000867	-0.085466	528	395	0.0	-0.085	0	0	4	0	121
292	90	531.2137031	116.92822186	0.000985	-0.085229	528	395	0.0	-0.085	0	0	4	0	140
292	90	532.022838499	118.301794454	0.001233	-0.084808	528	395	0.0	-0.085	0	0	4	0	160
292	90	532.897226754	120.794453507	0.001501	-0.084044	528	395	0.0	-0.085	0	0	4	0	180
292	90	534.473083197	124.15497553	0.001984	-0.083014	528	395	0.0	-0.085	0	0	4	0	200
292	90	537.066884176	128.911908646	0.002779	-0.081556	528	395	0.0	-0.085	0	0	4	0	220
292	90	539.905383361	135.861337684	0.003649	-0.079426	528	395	0.0	-0.085	0	0	4	0	240
292	90	544.182707993	144.256117455	0.004960	-0.076853	528	395	0.0	-0.085	0	0	4	0	261
292	90	549.197389886	154.996737357	0.006497	-0.073561	528	395	0.0	-0.085	0	0	4	0	280
292	90	554.812398042	168.057096248	0.008218	-0.069558	528	395	0.0	-0.085	0	0	4	0	301
292	90	560.668841762	183.84502447	0.010013	-0.064719	528	395	0.0	-0.085	0	0	4	0	320
292	90	567.386623165	201.54812398	0.012072	-0.059293	528	395	0.0	-0.085	0	0	4	0	340
292	90	574.769983687	221.313213703	0.014335	-0.053235	528	395	0.0	-0.085	0	0	4	0	360
292	90	583.520391517	242.396411093	0.017017	-0.046773	528	395	0.0	-0.085	0	0	4	0	380
292	90	592.026101142	265.27406199	0.019624	-0.039761	528	395	0.0	-0.085	0	0	4	0	400
292	90	600.557911909	288.859706362	0.022239	-0.032532	528	395	0.0	-0.085	0	0	4	0	421
292	90	608.60685155	312.569331158	0.024706	-0.025265	528	395	0.0	-0.085	0	0	4	0	440
292	90	616.185970636	336.389885808	0.027029	-0.017964	528	395	0.0	-0.085	0	0	4	0	460
292	90	624.342577488	358.468189233	0.029529	-0.011197	528	395	0.0	-0.085	0	0	4	0	480
292	90	632.323001631	379.30995106	0.031975	-0.004809	528	395	0.0	-0.085	0	0	4	0	500
292	90	639.66721044	398.438825449	0.034226	0.001054	528	395	0.0	-0.085	0	0	4	0	520
292	90	645.706362153	415.858075041	0.036077	0.006393	528	395	0.0	-0.085	0	0	4	0	540
292	90	650.701468189	431.531810767	0.037608	0.011197	528	395	0.0	-0.085	0	0	4	0	560
292	90	654.649265905	445.303425775	0.038818	0.015418	528	395	0.0	-0.085	0	0	4	0	580
292	90	658.508972268	456.781402936	0.040001	0.018936	528	395	0.0	-0.085	0	0	4	0	600
292	90	661.608482871	466.301794454	0.040951	0.021854	528	395	0.0	-0.085	0.040951	0.021854	4	0	968
293	130	528.518760196	115.724306688	0.000159	-0.085598	528	395	0.0	-0.085	0	0	4	0	20
293	130	528.561174551	115.554649266	0.000172	-0.085650	528	395	0.0	-0.085	0	0	4	0	22
293	130	528.783034258	115.127243067	0.000240	-0.085781	528	395	0.0	-0.085	0	0	4	0	40
293	130	528.636215334	114.784665579	0.000195	-0.085886	528	395	0.0	-0.085	0	0	4	0	61
293	130	528.584013051	114.526916803	0.000179	-0.085965	528	395	0.0	-0.085	0	0	4	0	80
293	130	528.218597064	114.611745514	0.000067	-0.085939	528	395	0.0	-0.085	0	0	4	0	100
293	130	527.445350734	114.954323002	-0.000170	-0.085834	528	395	0.0	-0.085	0	0	4	0	121
293	130	526.450244698	115.724306688	-0.000475	-0.085598	528	395	0.0	-0.085	0	0	4	0	141
293	130	524.95269168	116.670473083	-0.000934	-0.085308	528	395	0.0	-0.085	0	0	4	0	161
293	130	522.871125612	118.132137031	-0.001572	-0.084860	528	395	0.0	-0.085	0	0	4	0	181
293	130	519.840130506	120.200652529	-0.002501	-0.084226	528	395	0.0	-0.085	0	0	4	0	201
293	130	515.053833605	123.407830343	-0.003968	-0.083243	528	395	0.0	-0.085	0	0	4	0	221
293	130	508.388254486	127.851549755	-0.006011	-0.081881	528	395	0.0	-0.085	0	0	4	0	241
293	130	500.450244698	133.473083197	-0.008444	-0.080158	528	395	0.0	-0.085	0	0	4	0	260
293	130	490.95269168	140.647634584	-0.011355	-0.077959	528	395	0.0	-0.085	0	0	4	0	281
293	130	479.706362153	149.858075041	-0.014802	-0.075136	528	395	0.0	-0.085	0	0	4	0	300
293	130	467.230016313	160.536704731	-0.018626	-0.071863	528	395	0.0	-0.085	0	0	4	0	321
293	130	452.893964111	173.199021207	-0.023020	-0.067982	528	395	0.0	-0.085	0	0	4	0	340
293	130	437.745513866	186.89233279	-0.027663	-0.063785	528	395	0.0	-0.085	0	0	4	0	361
293	130	421.161500816	202.135399674	-0.032746	-0.059113	528	395	0.0	-0.085	0	0	4	0	381
293	130	404.254486134	218.027732463	-0.037928	-0.054242	528	395	0.0	-0.085	0	0	4	0	401
293	130	386.858075041	234.409461664	-0.043260	-0.049221	528	395	0.0	-0.085	0	0	4	0	421
293	130	369.89233279	250.39314845	-0.048460	-0.044322	528	395	0.0	-0.085	0	0	4	0	440
293	130	353.102773246	266.168026101	-0.053606	-0.039487	528	395	0.0	-0.085	0	0	4	0	460
293	130	337.301794454	280.504078303	-0.058449	-0.035093	528	395	0.0	-0.085	0	0	4	0	481
293	130	322.574225122	293.913539967	-0.062963	-0.030983	528	395	0.0	-0.085	0	0	4	0	501
293	130	309.327895595	305.443719413	-0.067023	-0.027449	528	395	0.0	-0.085	0	0	4	0	521
293	130	297.177814029	316.040783034	-0.070747	-0.024201	528	395	0.0	-0.085	0	0	4	0	540
293	130	286.469820555	325.143556281	-0.074029	-0.021411	528	395	0.0	-0.085	0	0	4	0	561
293	130	277.053833605	332.827079935	-0.076915	-0.019056	528	395	0.0	-0.085	0	0	4	0	581
293	130	268.760195759	339.365415987	-0.079457	-0.017052	528	395	0.0	-0.085	0	0	4	0	601
293	130	261.778140294	344.719412724	-0.081597	-0.015411	528	395	0.0	-0.085	0	0	4	0	621
293	130	255.494290375	349.626427406	-0.083523	-0.013907	528	395	0.0	-0.085	0	0	4	0	641
293	130	250.358890701	353.629690049	-0.085097	-0.012680	528	395	0.0	-0.085	-0.085097	-0.012680	4	0	1009
294	50	528.701468189	117.783034258	0.000215	-0.084967	528	395	0.0	-0.085	0	0	4	0	18
294	50	528.522022838	118.040783034	0.000160	-0.084888	528	395	0.0	-0.085	0	0	4	0	21
294	50	528.574225122	118.298531811	0.000176	-0.084809	528	395	0.0	-0.085	0	0	4	0	40
294	50	528.812398042	118.72593801	0.000249	-0.084678	528	395	0.0	-0.085	0	0	4	0	60
294	50	529.102773246	119.414355628	0.000338	-0.084467	528	395	0.0	-0.085	0	0	4	0	80
294	50	529.164763458	120.102773246	0.000357	-0.084256	528	395	0.0	-0.085	0	0	4	0	101
294	50	529.827079935	121.133768352	0.000560	-0.083940	528	395	0.0	-0.085	0	0	4	0	120
294	50	530.541598695	122.425774878	0.000779	-0.083544	528	395	0.0	-0.085	0	0	4	0	141
294	50	531.951060359	124.151712887	0.001211	-0.083015	528	395	0.0	-0.085	0	0	4	0	161
294	50	533.735725938	126.654159869	0.001758	-0.082248	528	395	0.0	-0.085	0	0	4	0	180
294	50	536.358890701	130.380097879	0.002562	-0.081106	528	395	0.0	-0.085	0	0	4	0	200
294	50	540.401305057	135.254486134	0.003801	-0.079612	528	395	0.0	-0.085	0	0	4	0	220
294	50	545.660685155	141.557911909	0.005413	-0.077680	528	395	0.0	-0.085	0	0	4	0	241
294	50	552.391517129	149.580750408	0.007476	-0.075221	528	395	0.0	-0.085	0	0	4	0	261
294	50	560.959216966	159.101141925	0.010102	-0.072303	528	395	0.0	-0.085	0	0	4	0	280
294	50	570.910277325	170.42903752	0.013152	-0.068831	528	395	0.0	-0.085	0	0	4	0	301
294	50	582.055464927	183.257748777	0.016568	-0.064899	528	395	0.0	-0.085	0	0	4	0	320
294	50	594.923327896	197.557911909	0.020512	-0.060516	528	395	0.0	-0.085	0	0	4	0	340
294	50	608.828711256	213.189233279	0.024774	-0.055725	528	395	0.0	-0.085	0	0	4	0	360
294	50	623.92822186	230.2137031	0.029402	-0.050507	528	395	0.0	-0.085	0	0	4	0	381
294	50	639.849918434	247.825448613	0.034282	-0.045109	528	395	0.0	-0.085	0	0	4	0	400
294	50	656.446982055	265.675367047	0.039369	-0.039638	528	395	0.0	-0.085	0	0	4	0	420
294	50	672.215334421	283.959216966	0.044202	-0.034034	528	395	0.0	-0.085	0	0	4	0	440
294	50	687.396411093	301.91680261	0.048855	-0.028530	528	395	0.0	-0.085	0	0	4	0	460
294	50	702.058727569	319.042414356	0.053349	-0.023281	528	395	0.0	-0.085	0	0	4	0	481
294	50	716.032626427	335.283849918	0.057632	-0.018303	528	395	0.0	-0.085	0	0	4	0	500
294	50	727.973898858	350.575856444	0.061292	-0.013616	528	395	0.0	-0.085	0	0	4	0	520
294	50	739.32137031	364.598694943	0.064770	-0.009318	528	395	0.0	-0.085	0	0	4	0	541
294	50	749.778140294	376.791190865	0.067975	-0.005581	528	395	0.0	-0.085	0	0	4	0	560
294	50	757.970636215	388.161500816	0.070486	-0.002096	528	395	0.0	-0.085	0	0	4	0	581
294	50	764.561174551	398.132137031	0.072506	0.000960	528	395	0.0	-0.085	0.072506	0.000960	4	0	948
295	130	528.391517129	116.239804241	0.000120	-0.085440	528	395	0.0	-0.085	0	0	4	0	19
295	130	528.433931485	116.066884176	0.000133	-0.085493	528	395	0.0	-0.085	0	0	4	0	22
295	130	528.613376835	115.812398042	0.000188	-0.085571	528	395	0.0	-0.085	0	0	4	0	41
295	130	528.518760196	115.724306688	0.000159	-0.085598	528	395	0.0	-0.085	0	0	4	0	61
295	130	528.290375204	115.724306688	0.000089	-0.085598	528	395	0.0	-0.085	0	0	4	0	81
295	130	528.016313214	115.897226754	0.000005	-0.085545	528	395	0.0	-0.085	0	0	4	0	101
295	130	527.42903752	116.409461664	-0.000175	-0.085388	528	395	0.0	-0.085	0	0	4	0	120
295	130	526.528548124	117.267536705	-0.000451	-0.085125	528	395	0.0	-0.085	0	0	4	0	140
295	130	525.272430669	118.644371941	-0.000836	-0.084703	528	395	0.0	-0.085	0	0	4	0	161
295	130	522.574225122	121.225122349	-0.001663	-0.083912	528	395	0.0	-0.085	0	0	4	0	181
295	130	519.256117455	124.507340946	-0.002680	-0.082906	528	395	0.0	-0.085	0	0	4	0	201
295	130	515.422512235	129.016313214	-0.003855	-0.081524	528	395	0.0	-0.085	0	0	4	0	221
295	130	509.683523654	135.381729201	-0.005614	-0.079573	528	395	0.0	-0.085	0	0	4	0	240
295	130	503.102773246	143.544861338	-0.007631	-0.077071	528	395	0.0	-0.085	0	0	4	0	260
295	130	495.373572594	153.456769984	-0.010000	-0.074033	528	395	0.0	-0.085	0	0	4	0	281
295	130	486.261011419	165.345840131	-0.012793	-0.070389	528	395	0.0	-0.085	0	0	4	0	300
295	130	475.748776509	179.453507341	-0.016015	-0.066065	528	395	0.0	-0.085	0	0	4	0	321
295	130	464.838499184	195.009787928	-0.019359	-0.061297	528	395	0.0	-0.085	0	0	4	0	341
295	130	453.008156607	211.98858075	-0.022985	-0.056093	528	395	0.0	-0.085	0	0	4	0	361
295	130	440.375203915	230.063621533	-0.026857	-0.050553	528	395	0.0	-0.085	0	0	4	0	380
295	130	427.72593801	248.683523654	-0.030734	-0.044846	528	395	0.0	-0.085	0	0	4	0	400
295	130	414.120717781	267.812398042	-0.034904	-0.038983	528	395	0.0	-0.085	0	0	4	0	420
295	130	401.08319739	286.239804241	-0.038900	-0.033335	528	395	0.0	-0.085	0	0	4	0	441
295	130	387.957585644	303.972267537	-0.042923	-0.027900	528	395	0.0	-0.085	0	0	4	0	460
295	130	375.647634584	320.533442088	-0.046696	-0.022824	528	395	0.0	-0.085	0	0	4	0	481
295	130	364.013050571	335.982055465	-0.050262	-0.018089	528	395	0.0	-0.085	0	0	4	0	500
295	130	353.800978793	349.234910277	-0.053392	-0.014027	528	395	0.0	-0.085	0	0	4	0	521
295	130	344.433931485	361.065252855	-0.056263	-0.010401	528	395	0.0	-0.085	0	0	4	0	541
295	130	335.445350734	371.675367047	-0.059018	-0.007149	528	395	0.0	-0.085	0	0	4	0	560
295	130	327.582381729	380.673735726	-0.061428	-0.004391	528	395	0.0	-0.085	0	0	4	0	581
295	130	320.029363785	388.601957586	-0.063743	-0.001961	528	395	0.0	-0.085	0	0	4	0	600
295	130	313.389885808	395.391517129	-0.065778	0.000120	528	395	0.0	-0.085	0	0	4	0	620
295	130	307.729200653	401.110929853	-0.067513	0.001873	528	395	0.0	-0.085	0	0	4	0	640
295	130	302.831973899	405.766721044	-0.069014	0.003300	528	395	0.0	-0.085	-0.069014	0.003300	4	0	1009
296	50	529.951060359	115.982055465	0.000598	-0.085519	528	395	0.0	-0.085	0	0	4	0	19
296	50	530.453507341	115.812398042	0.000752	-0.085571	528	395	0.0	-0.085	0	0	4	0	22
296	50	531.324632953	115.554649266	0.001019	-0.085650	528	395	0.0	-0.085	0	0	4	0	40
296	50	532.244698206	115.557911909	0.001301	-0.085649	528	395	0.0	-0.085	0	0	4	0	61
296	50	533.079934747	115.900489396	0.001557	-0.085544	528	395	0.0	-0.085	0	0	4	0	81
296	50	533.921696574	116.673735726	0.001815	-0.085307	528	395	0.0	-0.085	0	0	4	0	100
296	50	534.864600326	117.965742251	0.002104	-0.084911	528	395	0.0	-0.085	0	0	4	0	121
296	50	536.097879282	119.942903752	0.002482	-0.084305	528	395	0.0	-0.085	0	0	4	0	140
296	50	538.019575856	122.360522023	0.003071	-0.083564	528	395	0.0	-0.085	0	0	4	0	160
296	50	540.867862969	125.646003263	0.003944	-0.082557	528	395	0.0	-0.085	0	0	4	0	180
296	50	544.858075041	129.818923328	0.005167	-0.081278	528	395	0.0	-0.085	0	0	4	0	200
296	50	549.663947798	135.234910277	0.006640	-0.079618	528	395	0.0	-0.085	0	0	4	0	220
296	50	555.905383361	142.092985318	0.008553	-0.077516	528	395	0.0	-0.085	0	0	4	0	240
296	50	563.507340946	150.158238173	0.010883	-0.075044	528	395	0.0	-0.085	0	0	4	0	260
296	50	572.57096248	159.822185971	0.013661	-0.072082	528	395	0.0	-0.085	0	0	4	0	281
296	50	583.004893964	170.859706362	0.016859	-0.068699	528	395	0.0	-0.085	0	0	4	0	300
296	50	594.489396411	183.489396411	0.020379	-0.064828	528	395	0.0	-0.085	0	0	4	0	321
296	50	606.802610114	197.567699837	0.024153	-0.060513	528	395	0.0	-0.085	0	0	4	0	340
296	50	620.290375204	212.889070147	0.028287	-0.055817	528	395	0.0	-0.085	0	0	4	0	360
296	50	634.982055465	229.597063622	0.032790	-0.050696	528	395	0.0	-0.085	0	0	4	0	380
296	50	649.879282219	247.13050571	0.037356	-0.045322	528	395	0.0	-0.085	0	0	4	0	401
296	50	664.652528548	265.4045677	0.041884	-0.039721	528	395	0.0	-0.085	0	0	4	0	420
296	50	678.887438825	283.923327896	0.046247	-0.034045	528	395	0.0	-0.085	0	0	4	0	440
296	50	692.991843393	302.422512235	0.050570	-0.028375	528	395	0.0	-0.085	0	0	4	0	461
296	50	706.730831974	320.292006525	0.054781	-0.022898	528	395	0.0	-0.085	0	0	4	0	480
296	50	719.579119086	337.54812398	0.058719	-0.017609	528	395	0.0	-0.085	0	0	4	0	501
296	50	730.946166395	353.8091354	0.062203	-0.012625	528	395	0.0	-0.085	0	0	4	0	520
296	50	740.479608483	369.280587276	0.065125	-0.007883	528	395	0.0	-0.085	0	0	4	0	540
296	50	748.711256117	383.176182708	0.067648	-0.003624	528	395	0.0	-0.085	0	0	4	0	561
296	50	756.042414356	395.384991843	0.069895	0.000118	528	395	0.0	-0.085	0	0	4	0	581
296	50	762.381729201	406.265905383	0.071838	0.003453	528	395	0.0	-0.085	0.071838	0.003453	4	0	949
297	90	529.275693312	114.526916803	0.000391	-0.085965	528	395	0.0	-0.085	0	0	4	0	19
297	90	529.549755302	114.353996737	0.000475	-0.086018	528	395	0.0	-0.085	0	0	4	0	22
297	90	530.358890701	113.414355628	0.000723	-0.086306	528	395	0.0	-0.085	0	0	4	0	40
297	90	530.662316476	112.644371941	0.000816	-0.086542	528	395	0.0	-0.085	0	0	4	0	61
297	90	530.926590538	112.04730832	0.000897	-0.086725	528	395	0.0	-0.085	0	0	4	0	81
297	90	530.969004894	111.877650897	0.000910	-0.086777	528	395	0.0	-0.085	0	0	4	0	100
297	90	530.789559543	112.132137031	0.000855	-0.086699	528	395	0.0	-0.085	0	0	4	0	120
297	90	530.349102773	112.986949429	0.000720	-0.086437	528	395	0.0	-0.085	0	0	4	0	141
297	90	529.967373573	114.526916803	0.000603	-0.085965	528	395	0.0	-0.085	0	0	4	0	161
297	90	529.686786297	116.582381729	0.000517	-0.085335	528	395	0.0	-0.085	0	0	4	0	181
297	90	528.799347471	120.187601958	0.000245	-0.084230	528	395	0.0	-0.085	0	0	4	0	201
297	90	528.381729201	124.663947798	0.000117	-0.082858	528	395	0.0	-0.085	0	0	4	0	220
297	90	527.582381729	130.712887439	-0.000128	-0.081004	528	395	0.0	-0.085	0	0	4	0	240
297	90	526.4045677	138.791190865	-0.000489	-0.078528	528	395	0.0	-0.085	0	0	4	0	261
297	90	524.936378467	149.016313214	-0.000939	-0.075394	528	395	0.0	-0.085	0	0	4	0	280
297	90	522.861337684	161.792822186	-0.001575	-0.071478	528	395	0.0	-0.085	0	0	4	0	300
297	90	520.890701468	177.0	-0.002179	-0.066817	528	395	0.0	-0.085	0	0	4	0	321
297	90	518.254486134	195.075040783	-0.002987	-0.061277	528	395	0.0	-0.085	0	0	4	0	341
297	90	515.076672104	215.557911909	-0.003961	-0.054999	528	395	0.0	-0.085	0	0	4	0	360
297	90	512.009787928	238.060358891	-0.004901	-0.048102	528	395	0.0	-0.085	0	0	4	0	380
297	90	509.112561175	261.8091354	-0.005789	-0.040823	528	395	0.0	-0.085	0	0	4	0	401
297	90	505.947797716	286.35725938	-0.006759	-0.033299	528	395	0.0	-0.085	0	0	4	0	421
297	90	502.349102773	311.535073409	-0.007862	-0.025582	528	395	0.0	-0.085	0	0	4	0	440
297	90	498.339314845	336.370309951	-0.009091	-0.017970	528	395	0.0	-0.085	0	0	4	0	461
297	90	494.398042414	360.138662316	-0.010299	-0.010685	528	395	0.0	-0.085	0	0	4	0	481
297	90	489.432300163	382.706362153	-0.011821	-0.003768	528	395	0.0	-0.085	0	0	4	0	501
297	90	484.95269168	403.290375204	-0.013194	0.002541	528	395	0.0	-0.085	0	0	4	0	521
297	90	480.280587276	421.740619902	-0.014626	0.008196	528	395	0.0	-0.085	0	0	4	0	540
297	90	476.058727569	438.288743883	-0.015920	0.013268	528	395	0.0	-0.085	0	0	4	0	561
297	90	471.980424144	452.481239804	-0.017170	0.017618	528	395	0.0	-0.085	0	0	4	0	580
297	90	468.20228385	464.477977162	-0.018328	0.021295	528	395	0.0	-0.085	0	0	4	0	601
297	90	464.871125612	474.445350734	-0.019349	0.024350	528	395	0.0	-0.085	0	0	4	0	621
297	90	461.787928222	482.363784666	-0.020294	0.026777	528	395	0.0	-0.085	-0.020294	0.026777	4	0	989
298	90	529.135399674	116.497553018	0.000348	-0.085361	528	395	0.0	-0.085	0	0	4	0	19
298	90	529.680261011	116.15497553	0.000515	-0.085466	528	395	0.0	-0.085	0	0	4	0	22
298	90	530.411092985	115.982055465	0.000739	-0.085519	528	395	0.0	-0.085	0	0	4	0	40
298	90	531.102773246	115.985318108	0.000951	-0.085518	528	395	0.0	-0.085	0	0	4	0	60
298	90	531.611745514	116.243066884	0.001107	-0.085439	528	395	0.0	-0.085	0	0	4	0	81
298	90	532.313213703	116.670473083	0.001322	-0.085308	528	395	0.0	-0.085	0	0	4	0	101
298	90	533.15497553	117.443719413	0.001580	-0.085071	528	395	0.0	-0.085	0	0	4	0	121
298	90	534.466557912	118.650897227	0.001982	-0.084701	528	395	0.0	-0.085	0	0	4	0	140
298	90	535.967373573	120.458401305	0.002442	-0.084147	528	395	0.0	-0.085	0	0	4	0	160
298	90	538.264274062	123.221859706	0.003146	-0.083300	528	395	0.0	-0.085	0	0	4	0	181
298	90	540.936378467	127.20228385	0.003965	-0.082080	528	395	0.0	-0.085	0	0	4	0	201
298	90	544.208809135	132.846655791	0.004968	-0.080350	528	395	0.0	-0.085	0	0	4	0	220
298	90	548.743882545	139.75040783	0.006358	-0.078234	528	395	0.0	-0.085	0	0	4	0	240
298	90	553.569331158	148.539967374	0.007837	-0.075540	528	395	0.0	-0.085	0	0	4	0	260
298	90	559.605220228	159.081566069	0.009687	-0.072309	528	395	0.0	-0.085	0	0	4	0	281
298	90	566.313213703	171.597063622	0.011743	-0.068473	528	395	0.0	-0.085	0	0	4	0	301
298	90	573.83360522	185.864600326	0.014048	-0.064100	528	395	0.0	-0.085	0	0	4	0	320
298	90	582.068515498	202.115823817	0.016572	-0.059119	528	395	0.0	-0.085	0	0	4	0	340
298	90	590.378466558	220.491027732	0.019119	-0.053487	528	395	0.0	-0.085	0	0	4	0	361
298	90	598.675367047	240.771615008	0.021662	-0.047271	528	395	0.0	-0.085	0	0	4	0	380
298	90	607.944535073	262.017944535	0.024503	-0.040759	528	395	0.0	-0.085	0	0	4	0	400
298	90	617.092985318	284.504078303	0.027307	-0.033867	528	395	0.0	-0.085	0	0	4	0	420
298	90	626.110929853	307.006525285	0.030071	-0.026970	528	395	0.0	-0.085	0	0	4	0	440
298	90	635.243066884	329.042414356	0.032870	-0.020216	528	395	0.0	-0.085	0	0	4	0	460
298	90	643.079934747	351.094616639	0.035272	-0.013457	528	395	0.0	-0.085	0	0	4	0	481
298	90	650.358890701	372.1908646	0.037503	-0.006991	528	395	0.0	-0.085	0	0	4	0	500
298	90	656.955954323	391.776508972	0.039525	-0.000988	528	395	0.0	-0.085	0	0	4	0	521
298	90	663.386623165	409.319738989	0.041496	0.004389	528	395	0.0	-0.085	0	0	4	0	541
298	90	669.040783034	424.931484502	0.043229	0.009174	528	395	0.0	-0.085	0	0	4	0	561
298	90	673.840130506	438.657422512	0.044700	0.013381	528	395	0.0	-0.085	0	0	4	0	580
298	90	676.590538336	450.882544861	0.045543	0.017128	528	395	0.0	-0.085	0	0	4	0	600
298	90	678.721044046	460.748776509	0.046196	0.020152	528	395	0.0	-0.085	0.046196	0.020152	4	0	969
299	50	529.030995106	115.982055465	0.000316	-0.085519	528	395	0.0	-0.085	0	0	4	0	19
299	50	529.168026101	115.897226754	0.000358	-0.085545	528	395	0.0	-0.085	0	0	4	0	22
299	50	529.481239804	115.554649266	0.000454	-0.085650	528	395	0.0	-0.085	0	0	4	0	40
299	50	529.618270799	115.469820555	0.000496	-0.085676	528	395	0.0	-0.085	0	0	4	0	60
299	50	529.712887439	115.554649266	0.000525	-0.085650	528	395	0.0	-0.085	0	0	4	0	80
299	50	529.585644372	116.066884176	0.000486	-0.085493	528	395	0.0	-0.085	0	0	4	0	100
299	50	529.510603589	116.840130506	0.000463	-0.085256	528	395	0.0	-0.085	0	0	4	0	120
299	50	529.536704731	118.125611746	0.000471	-0.084862	528	395	0.0	-0.085	0	0	4	0	140
299	50	530.489396411	119.84502447	0.000763	-0.084335	528	395	0.0	-0.085	0	0	4	0	160
299	50	531.738988581	122.686786297	0.001146	-0.083464	528	395	0.0	-0.085	0	0	4	0	180
299	50	533.686786297	126.396411093	0.001743	-0.082327	528	395	0.0	-0.085	0	0	4	0	200
299	50	536.336052202	131.854812398	0.002555	-0.080654	528	395	0.0	-0.085	0	0	4	0	220
299	50	540.711256117	138.562805873	0.003896	-0.078598	528	395	0.0	-0.085	0	0	4	0	240
299	50	546.433931485	147.07177814	0.005650	-0.075990	528	395	0.0	-0.085	0	0	4	0	260
299	50	553.546492659	157.508972268	0.007830	-0.072791	528	395	0.0	-0.085	0	0	4	0	281
299	50	562.189233279	169.662316476	0.010479	-0.069066	528	395	0.0	-0.085	0	0	4	0	301
299	50	572.205546493	183.946166395	0.013549	-0.064688	528	395	0.0	-0.085	0	0	4	0	320
299	50	583.804241436	199.799347471	0.017104	-0.059829	528	395	0.0	-0.085	0	0	4	0	340
299	50	596.734094617	217.097879282	0.021067	-0.054527	528	395	0.0	-0.085	0	0	4	0	360
299	50	610.812398042	235.525285481	0.025382	-0.048879	528	395	0.0	-0.085	0	0	4	0	381
299	50	624.479608483	255.342577488	0.029571	-0.042805	528	395	0.0	-0.085	0	0	4	0	401
299	50	638.453507341	275.486133768	0.033854	-0.036631	528	395	0.0	-0.085	0	0	4	0	421
299	50	651.859706362	295.907014682	0.037963	-0.030372	528	395	0.0	-0.085	0	0	4	0	440
299	50	665.200652529	315.659053834	0.042052	-0.024318	528	395	0.0	-0.085	0	0	4	0	461
299	50	678.048939641	334.099510604	0.045990	-0.018666	528	395	0.0	-0.085	0	0	4	0	480
299	50	689.784665579	351.619902121	0.049587	-0.013296	528	395	0.0	-0.085	0	0	4	0	501
299	50	699.099510604	368.464926591	0.052442	-0.008133	528	395	0.0	-0.085	0	0	4	0	520
299	50	706.926590538	383.861337684	0.054841	-0.003414	528	395	0.0	-0.085	0	0	4	0	540
299	50	714.081566069	398.030995106	0.057034	0.000929	528	395	0.0	-0.085	0	0	4	0	560
299	50	720.133768352	411.101141925	0.058889	0.004935	528	395	0.0	-0.085	0	0	4	0	581
299	50	725.389885808	422.252854812	0.060500	0.008353	528	395	0.0	-0.085	0.060500	0.008353	4	0	949
300	130	529.814029364	116.070146819	0.000556	-0.085492	528	395	0.0	-0.085	0	0	4	0	19
300	130	530.316476346	115.897226754	0.000710	-0.085545	528	395	0.0	-0.085	0	0	4	0	22
300	130	531.092985318	115.554649266	0.000948	-0.085650	528	395	0.0	-0.085	0	0	4	0	41
300	130	531.732463295	115.300163132	0.001144	-0.085728	528	395	0.0	-0.085	0	0	4	0	60
300	130	532.192495922	115.300163132	0.001285	-0.085728	528	395	0.0	-0.085	0	0	4	0	80
300	130	532.20228385	115.727569331	0.001288	-0.085597	528	395	0.0	-0.085	0	0	4	0	100
300	130	532.029363785	116.412724307	0.001235	-0.085387	528	395	0.0	-0.085	0	0	4	0	121
300	130	531.680261011	117.355628059	0.001128	-0.085098	528	395	0.0	-0.085	0	0	4	0	141
300	130	530.336052202	119.07177814	0.000716	-0.084572	528	395	0.0	-0.085	0	0	4	0	160
300	130	528.77324633	121.218597064	0.000237	-0.083914	528	395	0.0	-0.085	0	0	4	0	181
300	130	525.902120718	124.491027732	-0.000643	-0.082911	528	395	0.0	-0.085	0	0	4	0	201
300	130	522.424143556	128.902120718	-0.001709	-0.081559	528	395	0.0	-0.085	0	0	4	0	221
300	130	517.298531811	134.986949429	-0.003280	-0.079694	528	395	0.0	-0.085	0	0	4	0	240
300	130	511.22675367	142.771615008	-0.005141	-0.077308	528	395	0.0	-0.085	0	0	4	0	261
300	130	504.133768352	152.207177814	-0.007315	-0.074416	528	395	0.0	-0.085	0	0	4	0	280
300	130	495.866231648	163.600326264	-0.009849	-0.070924	528	395	0.0	-0.085	0	0	4	0	301
300	130	486.707993475	176.820554649	-0.012656	-0.066872	528	395	0.0	-0.085	0	0	4	0	320
300	130	476.727569331	191.737357259	-0.015715	-0.062300	528	395	0.0	-0.085	0	0	4	0	340
300	130	465.768352365	208.233278956	-0.019074	-0.057244	528	395	0.0	-0.085	0	0	4	0	360
300	130	453.941272431	225.98858075	-0.022699	-0.051802	528	395	0.0	-0.085	0	0	4	0	381
300	130	441.262642741	244.585644372	-0.026585	-0.046102	528	395	0.0	-0.085	0	0	4	0	401
300	130	428.649265905	263.355628059	-0.030451	-0.040349	528	395	0.0	-0.085	0	0	4	0	421
300	130	415.210440457	282.530179445	-0.034570	-0.034472	528	395	0.0	-0.085	0	0	4	0	440
300	130	402.123980424	301.006525285	-0.038581	-0.028809	528	395	0.0	-0.085	0	0	4	0	461
300	130	389.445350734	318.35725938	-0.042467	-0.023491	528	395	0.0	-0.085	0	0	4	0	481
300	130	377.2137031	334.83360522	-0.046216	-0.018441	528	395	0.0	-0.085	0	0	4	0	501
300	130	366.104404568	349.264274062	-0.049621	-0.014018	528	395	0.0	-0.085	0	0	4	0	520
300	130	356.257748777	361.77324633	-0.052639	-0.010184	528	395	0.0	-0.085	0	0	4	0	540
300	130	347.569331158	372.01141925	-0.055302	-0.007046	528	395	0.0	-0.085	0	0	4	0	561
300	130	339.367047308	380.898858075	-0.057816	-0.004322	528	395	0.0	-0.085	0	0	4	0	581
300	130	332.039151713	388.367047308	-0.060062	-0.002033	528	395	0.0	-0.085	0	0	4	0	601
300	130	325.820554649	393.969004894	-0.061968	-0.000316	528	395	0.0	-0.085	0	0	4	0	621
300	130	320.293637847	398.42903752	-0.063662	0.001051	528	395	0.0	-0.085	0	0	4	0	640
300	130	315.96411093	401.580750408	-0.064989	0.002017	528	395	0.0	-0.085	0	0	4	0	660
300	130	312.450244698	403.955954323	-0.066066	0.002745	528	395	0.0	-0.085	0	0	4	0	680
300	130	309.402936378	405.884176183	-0.067000	0.003336	528	395	0.0	-0.085	0	0	4	0	700
300	130	306.303425775	408.230016313	-0.067950	0.004055	528	395	0.0	-0.085	-0.067950	0.004055	4	0	1069
301	50	530.691680261	116.239804241	0.000825	-0.085440	528	395	0.0	-0.085	0	0	4	0	19
301	50	531.060358891	116.15497553	0.000938	-0.085466	528	395	0.0	-0.085	0	0	4	0	22
301	50	532.20228385	115.727569331	0.001288	-0.085597	528	395	0.0	-0.085	0	0	4	0	41
301	50	533.624796085	115.561174551	0.001724	-0.085648	528	395	0.0	-0.085	0	0	4	0	60
301	50	534.825448613	115.822185971	0.002092	-0.085568	528	395	0.0	-0.085	0	0	4	0	81
301	50	536.120717781	116.168026101	0.002489	-0.085462	528	395	0.0	-0.085	0	0	4	0	100
301	50	537.380097879	117.114192496	0.002875	-0.085172	528	395	0.0	-0.085	0	0	4	0	121
301	50	538.277324633	118.575856444	0.003150	-0.084724	528	395	0.0	-0.085	0	0	4	0	140
301	50	539.693311582	120.732463295	0.003584	-0.084063	528	395	0.0	-0.085	0	0	4	0	161
301	50	542.117455139	123.414355628	0.004327	-0.083241	528	395	0.0	-0.085	0	0	4	0	181
301	50	545.464926591	126.970636215	0.005353	-0.082151	528	395	0.0	-0.085	0	0	4	0	200
301	50	550.091353997	131.766721044	0.006771	-0.080681	528	395	0.0	-0.085	0	0	4	0	220
301	50	555.977161501	137.822185971	0.008575	-0.078825	528	395	0.0	-0.085	0	0	4	0	240
301	50	563.099510604	145.159869494	0.010758	-0.076576	528	395	0.0	-0.085	0	0	4	0	260
301	50	571.699836868	154.076672104	0.013394	-0.073843	528	395	0.0	-0.085	0	0	4	0	280
301	50	581.957585644	164.618270799	0.016538	-0.070612	528	395	0.0	-0.085	0	0	4	0	300
301	50	593.732463295	176.752039152	0.020147	-0.066893	528	395	0.0	-0.085	0	0	4	0	320
301	50	606.293637847	190.507340946	0.023997	-0.062677	528	395	0.0	-0.085	0	0	4	0	341
301	50	619.938009788	205.858075041	0.028179	-0.057972	528	395	0.0	-0.085	0	0	4	0	361
301	50	634.300163132	222.748776509	0.032581	-0.052795	528	395	0.0	-0.085	0	0	4	0	381
301	50	648.926590538	241.032626427	0.037064	-0.047191	528	395	0.0	-0.085	0	0	4	0	401
301	50	663.882544861	259.619902121	0.041648	-0.041494	528	395	0.0	-0.085	0	0	4	0	421
301	50	678.98858075	278.324632953	0.046278	-0.035761	528	395	0.0	-0.085	0	0	4	0	440
301	50	693.526916803	296.993474715	0.050734	-0.030039	528	395	0.0	-0.085	0	0	4	0	461
301	50	707.004893964	315.469820555	0.054865	-0.024376	528	395	0.0	-0.085	0	0	4	0	480
301	50	719.223491028	333.120717781	0.058610	-0.018966	528	395	0.0	-0.085	0	0	4	0	500
301	50	730.094616639	349.688417618	0.061942	-0.013888	528	395	0.0	-0.085	0	0	4	0	520
301	50	740.287112561	364.89233279	0.065066	-0.009228	528	395	0.0	-0.085	0	0	4	0	541
301	50	749.647634584	378.376835237	0.067935	-0.005095	528	395	0.0	-0.085	0	0	4	0	560
301	50	757.350734095	390.500815661	0.070296	-0.001379	528	395	0.0	-0.085	0	0	4	0	581
301	50	763.177814029	401.4045677	0.072082	0.001963	528	395	0.0	-0.085	0.072082	0.001963	4	0	949
302	130	529.106035889	115.212071778	0.000339	-0.085755	528	395	0.0	-0.085	0	0	4	0	19
302	130	529.432300163	115.296900489	0.000439	-0.085729	528	395	0.0	-0.085	0	0	4	0	22
302	130	529.977161501	114.954323002	0.000606	-0.085834	528	395	0.0	-0.085	0	0	4	0	41
302	130	530.247960848	114.784665579	0.000689	-0.085886	528	395	0.0	-0.085	0	0	4	0	60
302	130	530.205546493	114.954323002	0.000676	-0.085834	528	395	0.0	-0.085	0	0	4	0	80
302	130	530.120717781	115.296900489	0.000650	-0.085729	528	395	0.0	-0.085	0	0	4	0	100
302	130	530.088091354	115.897226754	0.000640	-0.085545	528	395	0.0	-0.085	0	0	4	0	120
302	130	529.331158238	117.097879282	0.000408	-0.085177	528	395	0.0	-0.085	0	0	4	0	141
302	130	528.30995106	118.898858075	0.000095	-0.084625	528	395	0.0	-0.085	0	0	4	0	160
302	130	527.073409462	121.133768352	-0.000284	-0.083940	528	395	0.0	-0.085	0	0	4	0	180
302	130	525.037520392	124.752039152	-0.000908	-0.082831	528	395	0.0	-0.085	0	0	4	0	201
302	130	522.120717781	129.681892333	-0.001802	-0.081320	528	395	0.0	-0.085	0	0	4	0	220
302	130	518.104404568	136.373572594	-0.003033	-0.079269	528	395	0.0	-0.085	0	0	4	0	241
302	130	513.497553018	144.680261011	-0.004445	-0.076723	528	395	0.0	-0.085	0	0	4	0	260
302	130	507.960848287	155.163132137	-0.006142	-0.073510	528	395	0.0	-0.085	0	0	4	0	280
302	130	501.774877651	167.694942904	-0.008038	-0.069669	528	395	0.0	-0.085	0	0	4	0	301
302	130	494.36867863	182.422512235	-0.010308	-0.065155	528	395	0.0	-0.085	0	0	4	0	321
302	130	486.469820555	198.774877651	-0.012729	-0.060143	528	395	0.0	-0.085	0	0	4	0	341
302	130	477.742251223	216.89233279	-0.015404	-0.054590	528	395	0.0	-0.085	0	0	4	0	360
302	130	468.587275693	236.089722675	-0.018210	-0.048706	528	395	0.0	-0.085	0	0	4	0	380
302	130	458.629690049	256.223491028	-0.021262	-0.042535	528	395	0.0	-0.085	0	0	4	0	401
302	130	448.133768352	276.650897227	-0.024479	-0.036274	528	395	0.0	-0.085	0	0	4	0	421
302	130	437.001631321	297.47634584	-0.027891	-0.029891	528	395	0.0	-0.085	0	0	4	0	440
302	130	426.280587276	317.701468189	-0.031177	-0.023692	528	395	0.0	-0.085	0	0	4	0	461
302	130	416.336052202	336.977161501	-0.034225	-0.017784	528	395	0.0	-0.085	0	0	4	0	481
302	130	407.001631321	354.86949429	-0.037086	-0.012300	528	395	0.0	-0.085	0	0	4	0	500
302	130	398.075040783	371.838499184	-0.039822	-0.007099	528	395	0.0	-0.085	0	0	4	0	521
302	130	390.123980424	386.817292007	-0.042259	-0.002508	528	395	0.0	-0.085	0	0	4	0	541
302	130	382.84502447	400.168026101	-0.044490	0.001584	528	395	0.0	-0.085	0	0	4	0	561
302	130	376.893964111	411.401305057	-0.046314	0.005027	528	395	0.0	-0.085	0	0	4	0	581
302	130	371.572593801	420.931484502	-0.047945	0.007948	528	395	0.0	-0.085	0	0	4	0	601
302	130	366.401305057	429.176182708	-0.049530	0.010475	528	395	0.0	-0.085	0	0	4	0	621
302	130	362.349102773	435.528548124	-0.050772	0.012422	528	395	0.0	-0.085	0	0	4	0	640
302	130	358.538336052	440.448613377	-0.051940	0.013930	528	395	0.0	-0.085	0	0	4	0	660
302	130	355.562805873	443.88091354	-0.052852	0.014982	528	395	0.0	-0.085	-0.052852	0.014982	4	0	1029
303	90	530.104404568	116.755301794	0.000645	-0.085282	528	395	0.0	-0.085	0	0	4	0	19
303	90	530.701468189	116.670473083	0.000828	-0.085308	528	395	0.0	-0.085	0	0	4	0	22
303	90	531.663947798	116.500815661	0.001123	-0.085360	528	395	0.0	-0.085	0	0	4	0	40
303	90	532.730831974	116.843393148	0.001450	-0.085255	528	395	0.0	-0.085	0	0	4	0	61
303	90	533.520391517	117.358890701	0.001692	-0.085097	528	395	0.0	-0.085	0	0	4	0	81
303	90	534.456769984	118.220228385	0.001979	-0.084833	528	395	0.0	-0.085	0	0	4	0	101
303	90	535.171288744	119.51223491	0.002198	-0.084437	528	395	0.0	-0.085	0	0	4	0	120
303	90	536.212071778	121.319738989	0.002517	-0.083883	528	395	0.0	-0.085	0	0	4	0	140
303	90	536.721044046	124.334420881	0.002673	-0.082959	528	395	0.0	-0.085	0	0	4	0	160
303	90	537.699836868	128.223491028	0.002973	-0.081767	528	395	0.0	-0.085	0	0	4	0	181
303	90	539.050570962	133.339314845	0.003387	-0.080199	528	395	0.0	-0.085	0	0	4	0	200
303	90	541.275693312	139.959216966	0.004069	-0.078170	528	395	0.0	-0.085	0	0	4	0	220
303	90	543.765089723	148.628058728	0.004832	-0.075513	528	395	0.0	-0.085	0	0	4	0	240
303	90	547.360522023	159.127243067	0.005934	-0.072295	528	395	0.0	-0.085	0	0	4	0	260
303	90	551.706362153	171.401305057	0.007266	-0.068533	528	395	0.0	-0.085	0	0	4	0	280
303	90	556.228384992	186.301794454	0.008652	-0.063966	528	395	0.0	-0.085	0	0	4	0	301
303	90	561.735725938	202.729200653	0.010340	-0.058931	528	395	0.0	-0.085	0	0	4	0	320
303	90	567.510603589	221.179445351	0.012110	-0.053276	528	395	0.0	-0.085	0	0	4	0	340
303	90	574.704730832	240.898858075	0.014315	-0.047232	528	395	0.0	-0.085	0	0	4	0	360
303	90	582.280587276	262.288743883	0.016637	-0.040676	528	395	0.0	-0.085	0	0	4	0	381
303	90	590.306688418	284.546492659	0.019097	-0.033854	528	395	0.0	-0.085	0	0	4	0	401
303	90	598.394779772	307.009787928	0.021576	-0.026969	528	395	0.0	-0.085	0	0	4	0	420
303	90	605.693311582	329.64274062	0.023813	-0.020032	528	395	0.0	-0.085	0	0	4	0	440
303	90	613.941272431	351.515497553	0.026341	-0.013328	528	395	0.0	-0.085	0	0	4	0	460
303	90	622.101141925	372.556280587	0.028842	-0.006879	528	395	0.0	-0.085	0	0	4	0	481
303	90	629.569331158	392.396411093	0.031131	-0.000798	528	395	0.0	-0.085	0	0	4	0	501
303	90	636.058727569	411.081566069	0.033120	0.004929	528	395	0.0	-0.085	0	0	4	0	520
303	90	641.344208809	428.141924959	0.034740	0.010158	528	395	0.0	-0.085	0	0	4	0	541
303	90	645.938009788	443.349102773	0.036148	0.014819	528	395	0.0	-0.085	0	0	4	0	560
303	90	649.706362153	456.967373573	0.037303	0.018993	528	395	0.0	-0.085	0	0	4	0	580
303	90	653.265905383	468.367047308	0.038394	0.022487	528	395	0.0	-0.085	0.038394	0.022487	4	0	949
304	130	529.337683524	115.212071778	0.000410	-0.085755	528	395	0.0	-0.085	0	0	4	0	19
304	130	529.650897227	114.86949429	0.000506	-0.085860	528	395	0.0	-0.085	0	0	4	0	22
304	130	530.375203915	114.269168026	0.000728	-0.086044	528	395	0.0	-0.085	0	0	4	0	40
304	130	531.004893964	113.587275693	0.000921	-0.086253	528	395	0.0	-0.085	0	0	4	0	60
304	130	531.04730832	113.414355628	0.000934	-0.086306	528	395	0.0	-0.085	0	0	4	0	80
304	130	530.913539967	113.502446982	0.000893	-0.086279	528	395	0.0	-0.085	0	0	4	0	101
304	130	530.094616639	114.014681892	0.000642	-0.086122	528	395	0.0	-0.085	0	0	4	0	120
304	130	529.327895595	114.784665579	0.000407	-0.085886	528	395	0.0	-0.085	0	0	4	0	140
304	130	527.513866232	116.066884176	-0.000149	-0.085493	528	395	0.0	-0.085	0	0	4	0	160
304	130	525.484502447	117.783034258	-0.000771	-0.084967	528	395	0.0	-0.085	0	0	4	0	180
304	130	522.146818923	120.624796085	-0.001794	-0.084096	528	395	0.0	-0.085	0	0	4	0	201
304	130	518.10766721	124.510603589	-0.003032	-0.082905	528	395	0.0	-0.085	0	0	4	0	220
304	130	512.241435563	129.900489396	-0.004830	-0.081253	528	395	0.0	-0.085	0	0	4	0	241
304	130	505.246329527	136.810766721	-0.006974	-0.079135	528	395	0.0	-0.085	0	0	4	0	261
304	130	496.610114192	145.632952692	-0.009621	-0.076431	528	395	0.0	-0.085	0	0	4	0	280
304	130	486.182707993	156.683523654	-0.012817	-0.073044	528	395	0.0	-0.085	0	0	4	0	300
304	130	474.146818923	169.942903752	-0.016506	-0.068980	528	395	0.0	-0.085	0	0	4	0	321
304	130	460.789559543	184.853181077	-0.020600	-0.064410	528	395	0.0	-0.085	0	0	4	0	341
304	130	446.675367047	201.097879282	-0.024926	-0.059431	528	395	0.0	-0.085	0	0	4	0	360
304	130	431.947797716	218.168026101	-0.029440	-0.054199	528	395	0.0	-0.085	0	0	4	0	380
304	130	415.980424144	236.122349103	-0.034334	-0.048696	528	395	0.0	-0.085	0	0	4	0	400
304	130	399.598694943	254.216965742	-0.039355	-0.043150	528	395	0.0	-0.085	0	0	4	0	420
304	130	383.442088091	271.936378467	-0.044307	-0.037719	528	395	0.0	-0.085	0	0	4	0	440
304	130	367.474714519	288.787928222	-0.049201	-0.032554	528	395	0.0	-0.085	0	0	4	0	460
304	130	352.717781403	304.174551387	-0.053724	-0.027838	528	395	0.0	-0.085	0	0	4	0	481
304	130	338.88091354	318.252854812	-0.057965	-0.023523	528	395	0.0	-0.085	0	0	4	0	501
304	130	326.228384992	330.363784666	-0.061843	-0.019811	528	395	0.0	-0.085	0	0	4	0	520
304	130	315.102773246	340.605220228	-0.065253	-0.016672	528	395	0.0	-0.085	0	0	4	0	541
304	130	304.965742251	349.577487765	-0.068360	-0.013922	528	395	0.0	-0.085	0	0	4	0	560
304	130	295.960848287	356.735725938	-0.071120	-0.011728	528	395	0.0	-0.085	0	0	4	0	580
304	130	287.957585644	362.856443719	-0.073573	-0.009852	528	395	0.0	-0.085	0	0	4	0	600
304	130	280.685154976	368.340946166	-0.075802	-0.008171	528	395	0.0	-0.085	0	0	4	0	621
304	130	275.138662316	372.367047308	-0.077502	-0.006937	528	395	0.0	-0.085	0	0	4	0	641
304	130	270.27406199	375.936378467	-0.078993	-0.005843	528	395	0.0	-0.085	0	0	4	0	660
304	130	266.717781403	378.76182708	-0.080083	-0.004977	528	395	0.0	-0.085	-0.080083	-0.004977	4	0	1029
305	50	530.411092985	115.982055465	0.000739	-0.085519	528	395	0.0	-0.085	0	0	4	0	19
305	50	530.913539967	115.812398042	0.000893	-0.085571	528	395	0.0	-0.085	0	0	4	0	22
305	50	532.557911909	115.215334421	0.001397	-0.085754	528	395	0.0	-0.085	0	0	4	0	41
305	50	533.889070147	114.960848287	0.001805	-0.085832	528	395	0.0	-0.085	0	0	4	0	61
305	50	535.089722675	115.221859706	0.002173	-0.085752	528	395	0.0	-0.085	0	0	4	0	80
305	50	536.114192496	115.737357259	0.002487	-0.085594	528	395	0.0	-0.085	0	0	4	0	101
305	50	537.415986949	116.513866232	0.002886	-0.085356	528	395	0.0	-0.085	0	0	4	0	121
305	50	538.95269168	117.721044046	0.003357	-0.084986	528	395	0.0	-0.085	0	0	4	0	140
305	50	540.818923328	119.446982055	0.003929	-0.084457	528	395	0.0	-0.085	0	0	4	0	160
305	50	543.292006525	121.955954323	0.004687	-0.083688	528	395	0.0	-0.085	0	0	4	0	180
305	50	546.913539967	125.342577488	0.005797	-0.082650	528	395	0.0	-0.085	0	0	4	0	200
305	50	552.042414356	129.969004894	0.007369	-0.081232	528	395	0.0	-0.085	0	0	4	0	220
305	50	558.20228385	135.848287113	0.009257	-0.079430	528	395	0.0	-0.085	0	0	4	0	240
305	50	565.872756933	143.277324633	0.011608	-0.077153	528	395	0.0	-0.085	0	0	4	0	260
305	50	575.063621533	152.115823817	0.014425	-0.074444	528	395	0.0	-0.085	0	0	4	0	280
305	50	585.634584013	162.758564437	0.017665	-0.071182	528	395	0.0	-0.085	0	0	4	0	301
305	50	597.543230016	174.810766721	0.021315	-0.067488	528	395	0.0	-0.085	0	0	4	0	320
305	50	610.681892333	188.497553018	0.025342	-0.063293	528	395	0.0	-0.085	0	0	4	0	341
305	50	624.67862969	203.776508972	0.029632	-0.058610	528	395	0.0	-0.085	0	0	4	0	360
305	50	639.823817292	220.624796085	0.034274	-0.053446	528	395	0.0	-0.085	0	0	4	0	380
305	50	655.553017945	238.517128874	0.039095	-0.047962	528	395	0.0	-0.085	0	0	4	0	401
305	50	671.572593801	257.189233279	0.044005	-0.042239	528	395	0.0	-0.085	0	0	4	0	420
305	50	687.236541599	276.148450245	0.048806	-0.036428	528	395	0.0	-0.085	0	0	4	0	440
305	50	702.528548124	295.097879282	0.053493	-0.030620	528	395	0.0	-0.085	0	0	4	0	460
305	50	717.017944535	313.698205546	0.057934	-0.024919	528	395	0.0	-0.085	0	0	4	0	481
305	50	730.508972268	331.306688418	0.062069	-0.019522	528	395	0.0	-0.085	0	0	4	0	501
305	50	743.050570962	347.884176183	0.065913	-0.014441	528	395	0.0	-0.085	0	0	4	0	520
305	50	754.143556281	363.133768352	0.069313	-0.009767	528	395	0.0	-0.085	0	0	4	0	540
305	50	764.267536705	376.748776509	0.072416	-0.005594	528	395	0.0	-0.085	0	0	4	0	560
305	50	772.864600326	388.618270799	0.075051	-0.001956	528	395	0.0	-0.085	0	0	4	0	580
305	50	779.526916803	398.849918434	0.077093	0.001180	528	395	0.0	-0.085	0.077093	0.001180	4	0	949
306	90	529.55954323	114.784665579	0.000478	-0.085886	528	395	0.0	-0.085	0	0	4	0	19
306	90	529.924959217	114.699836868	0.000590	-0.085912	528	395	0.0	-0.085	0	0	4	0	22
306	90	531.014681892	114.014681892	0.000924	-0.086122	528	395	0.0	-0.085	0	0	4	0	40
306	90	531.468189233	113.587275693	0.001063	-0.086253	528	395	0.0	-0.085	0	0	4	0	60
306	90	531.55954323	113.672104405	0.001091	-0.086227	528	395	0.0	-0.085	0	0	4	0	80
306	90	531.663947798	114.187601958	0.001123	-0.086069	528	395	0.0	-0.085	0	0	4	0	100
306	90	531.774877651	115.127243067	0.001157	-0.085781	528	395	0.0	-0.085	0	0	4	0	120
306	90	531.986949429	116.585644372	0.001222	-0.085334	528	395	0.0	-0.085	0	0	4	0	140
306	90	532.541598695	118.990212072	0.001392	-0.084597	528	395	0.0	-0.085	0	0	4	0	161
306	90	532.84502447	122.859706362	0.001485	-0.083411	528	395	0.0	-0.085	0	0	4	0	180
306	90	534.172920065	128.125611746	0.001892	-0.081797	528	395	0.0	-0.085	0	0	4	0	201
306	90	535.92822186	135.323001631	0.002430	-0.079591	528	395	0.0	-0.085	0	0	4	0	221
306	90	538.776508972	144.484502447	0.003303	-0.076783	528	395	0.0	-0.085	0	0	4	0	240
306	90	542.323001631	155.740619902	0.004390	-0.073333	528	395	0.0	-0.085	0	0	4	0	261
306	90	546.531810767	169.13050571	0.005680	-0.069229	528	395	0.0	-0.085	0	0	4	0	280
306	90	551.367047308	184.272430669	0.007162	-0.064588	528	395	0.0	-0.085	0	0	4	0	301
306	90	556.557911909	201.662316476	0.008753	-0.059258	528	395	0.0	-0.085	0	0	4	0	321
306	90	562.593800979	220.546492659	0.010603	-0.053470	528	395	0.0	-0.085	0	0	4	0	340
306	90	568.936378467	241.159869494	0.012547	-0.047152	528	395	0.0	-0.085	0	0	4	0	361
306	90	575.722675367	263.267536705	0.014627	-0.040376	528	395	0.0	-0.085	0	0	4	0	380
306	90	583.324632953	285.694942904	0.016957	-0.033502	528	395	0.0	-0.085	0	0	4	0	400
306	90	591.709624796	308.445350734	0.019527	-0.026529	528	395	0.0	-0.085	0	0	4	0	421
306	90	599.507340946	331.381729201	0.021917	-0.019499	528	395	0.0	-0.085	0	0	4	0	440
306	90	607.275693312	353.626427406	0.024298	-0.012681	528	395	0.0	-0.085	0	0	4	0	460
306	90	614.042414356	375.701468189	0.026372	-0.005915	528	395	0.0	-0.085	0	0	4	0	480
306	90	620.313213703	396.298531811	0.028294	0.000398	528	395	0.0	-0.085	0	0	4	0	500
306	90	625.481239804	415.838499184	0.029878	0.006387	528	395	0.0	-0.085	0	0	4	0	521
306	90	630.903752039	433.629690049	0.031540	0.011840	528	395	0.0	-0.085	0	0	4	0	541
306	90	635.752039152	449.482871126	0.033026	0.016699	528	395	0.0	-0.085	0	0	4	0	560
306	90	640.078303426	463.352365416	0.034352	0.020950	528	395	0.0	-0.085	0	0	4	0	581
306	90	643.086460033	475.672104405	0.035274	0.024726	528	395	0.0	-0.085	0.035274	0.024726	4	0	948
