Trial#	TargetAngle	ArcAngle	XHomePosition(m)	YHomePosition(m)	XTarget(m)	YTarget(m)	XTouch	YTouch	Block#	Time(ms)
73	84.2004350743	90	0.0	-0.085	0.011532	0.028539	572	751	1	3112
74	51.0173905716	50	0.0	-0.085	0.071916	0.003864	323	564	1	4532
75	130.270578338	130	0.0	-0.085	-0.075820	0.004497	1150	604	1	2132
76	135.060783289	130	0.0	-0.085	-0.080208	-0.004962	1164	575	1	1939
77	87.4985895995	90	0.0	-0.085	0.004910	0.027394	576	720	1	1999
78	56.9255103423	50	0.0	-0.085	0.061706	0.009749	308	525	1	2116
79	129.790405489	130	0.0	-0.085	-0.072750	0.002347	1083	660	1	1920
80	102.404467377	90	0.0	-0.085	-0.024683	0.027223	826	765	1	2547
81	66.8052884234	50	0.0	-0.085	0.044306	0.018400	473	687	1	2019
82	68.097759109	90	0.0	-0.085	0.044281	0.025140	516	706	1	2359
83	122.892726869	130	0.0	-0.085	-0.061143	0.009539	956	723	1	2065
84	58.6483166423	50	0.0	-0.085	0.059569	0.012775	312	533	1	2059
85	43.8892718914	50	0.0	-0.085	0.086306	-0.001977	335	555	1	2439
86	103.048971093	90	0.0	-0.085	-0.026045	0.027375	770	761	1	2019
87	134.118047868	130	0.0	-0.085	-0.079150	-0.003375	1096	627	1	1959
88	123.261004384	130	0.0	-0.085	-0.064575	0.013452	972	730	1	1959
89	102.058943018	90	0.0	-0.085	-0.023507	0.025035	853	752	1	2059
90	47.2945489393	50	0.0	-0.085	0.078627	0.000191	325	557	1	1979
145	84.9846404705	90	0.0	-0.085	0.009745	0.026043	591	761	2	2040
146	127.833212106	130	0.0	-0.085	-0.068771	0.003553	1158	597	2	1939
147	57.1911448501	50	0.0	-0.085	0.060827	0.009353	321	590	2	2059
148	127.381903455	130	0.0	-0.085	-0.068335	0.004437	1100	650	2	1939
149	87.7877575763	90	0.0	-0.085	0.004354	0.027710	666	744	2	2059
150	69.0159574022	50	0.0	-0.085	0.040197	0.019804	515	718	2	2079
151	56.4396691049	50	0.0	-0.085	0.062160	0.008699	370	599	2	2059
152	127.387853292	130	0.0	-0.085	-0.067707	0.003596	1036	710	2	1999
153	92.2366050406	90	0.0	-0.085	-0.004387	0.027326	693	758	2	2118
154	68.305841549	50	0.0	-0.085	0.042721	0.022385	546	721	2	2039
155	137.104800286	130	0.0	-0.085	-0.081567	-0.009216	1143	617	2	1979
156	102.322884815	90	0.0	-0.085	-0.023754	0.023737	775	760	2	2100
157	48.5180759798	50	0.0	-0.085	0.073817	-0.001512	336	579	2	2174
158	124.051930796	130	0.0	-0.085	-0.063294	0.008654	895	705	2	2040
159	100.079535726	90	0.0	-0.085	-0.019621	0.025380	778	768	2	2145
160	110.201744938	90	0.0	-0.085	-0.038681	0.020122	840	746	2	2020
161	141.344331005	130	0.0	-0.085	-0.089472	-0.013433	1148	590	2	2005
162	51.4888019698	50	0.0	-0.085	0.070410	0.003482	354	586	2	2139
217	123.594366227	130	0.0	-0.085	-0.064405	0.011958	1021	729	3	2020
218	93.6414726245	90	0.0	-0.085	-0.007238	0.028731	769	772	3	2059
219	42.8007635876	50	0.0	-0.085	0.084621	-0.006638	341	580	3	2059
220	107.513317608	130	0.0	-0.085	-0.033764	0.021999	815	759	3	2059
221	68.9835233925	50	0.0	-0.085	0.041030	0.021795	511	703	3	2119
222	106.310635707	90	0.0	-0.085	-0.031499	0.022644	791	759	3	1999
223	49.3717675533	50	0.0	-0.085	0.074059	0.001320	348	608	3	2119
224	118.347206707	90	0.0	-0.085	-0.052677	0.012639	987	719	3	1959
225	134.270444763	130	0.0	-0.085	-0.078849	-0.004117	1037	683	3	1999
226	153.516648416	130	0.0	-0.085	-0.099936	-0.035210	1176	582	3	2099
227	74.8793290067	90	0.0	-0.085	0.029220	0.023139	529	720	3	2059
228	36.9794770427	50	0.0	-0.085	0.090807	-0.016623	310	566	3	2079
229	149.509104734	130	0.0	-0.085	-0.098451	-0.027029	1126	632	3	1959
230	69.9141772535	50	0.0	-0.085	0.038707	0.020853	531	718	3	2119
231	99.7652434415	90	0.0	-0.085	-0.019298	0.027129	761	769	3	1979
232	107.967462084	90	0.0	-0.085	-0.035210	0.023575	776	769	3	1979
233	144.372216003	130	0.0	-0.085	-0.092106	-0.018991	1084	673	3	1979
234	48.2756436041	50	0.0	-0.085	0.075040	-0.000849	421	643	3	2019
289	91.9610676944	90	0.0	-0.085	-0.003835	0.027002	785	761	4	2326
290	140.305581459	130	0.0	-0.085	-0.085520	-0.014014	1101	626	4	2000
291	69.3761975209	50	0.0	-0.085	0.039706	0.020503	533	736	4	2040
292	84.9055112438	90	0.0	-0.085	0.009914	0.026205	578	738	4	1979
293	41.7003918292	50	0.0	-0.085	0.084122	-0.010049	352	598	4	2000
294	141.133598432	130	0.0	-0.085	-0.087412	-0.014552	1099	650	4	1959
295	64.7829770095	50	0.0	-0.085	0.048295	0.017553	461	697	4	2020
296	86.0295320648	90	0.0	-0.085	0.007752	0.026686	560	719	4	1959
297	124.782835508	130	0.0	-0.085	-0.064528	0.007903	883	748	4	1999
298	95.6781553901	90	0.0	-0.085	-0.011164	0.027282	775	758	4	1979
299	136.979326087	130	0.0	-0.085	-0.084134	-0.006487	1025	702	4	2139
300	52.1681149281	50	0.0	-0.085	0.069083	0.003959	356	608	4	2039
301	128.336417196	130	0.0	-0.085	-0.071003	0.004788	973	685	4	2154
302	92.4975203873	90	0.0	-0.085	-0.004873	0.026721	774	761	4	2019
303	72.0848968887	50	0.0	-0.085	0.034941	0.023082	539	708	4	2079
304	103.849638467	90	0.0	-0.085	-0.027149	0.025119	763	774	4	2059
305	137.061338229	130	0.0	-0.085	-0.084796	-0.006096	1018	700	4	2039
306	42.1963576092	50	0.0	-0.085	0.084148	-0.008709	356	595	4	2019
