trial	targetangle_deg	arcangle_deg	homex_cm	homey_cm	handx_cm	handy_cm	tapx_cm	tapy_cm	block	time_ms	selected
46	61.768	50	0	0	5.8116	10.824	6.8669	9.68	1	26988	1
47	94.066	90	0	0	-0.8664	12.188	-0.92209	12.489	1	6144	1
48	121.3	130	0	0	-6.3868	10.505	-7.5201	9.7373	1	7853	1
49	127.3	130	0	0	-7.3881	9.6981	-7.8297	8.7913	1	3462	1
50	89.624	90	0	0	0.0788	12.003	-0.35042	11.314	1	3541	1
51	67.813	50	0	0	4.592	11.259	7.7244	9.164	1	3802	1
52	67.808	50	0	0	4.5701	11.203	8.034	7.9027	1	3809	1
53	122	130	0	0	-6.4639	10.344	-7.8297	9.1927	1	3334	1
54	94.272	90	0	0	-0.909	12.169	-1.0412	12.575	1	2919	1
55	121.4	130	0	0	-6.3186	10.352	-8.4252	8.5047	1	3275	1
56	60.025	50	0	0	6.2119	10.77	6.7478	9.2787	1	3878	1
57	97.389	90	0	0	-1.576	12.153	-0.75535	12.031	1	4172	1
58	133.13	130	0	0	-8.2643	8.8225	-8.2347	8.8487	1	4035	1
59	76.993	50	0	0	2.7299	11.818	7.2956	9.0493	1	3913	1
60	95.903	90	0	0	-1.2377	11.971	-0.87445	11.916	1	3540	1
61	121.38	130	0	0	-6.3316	10.382	-7.925	9.0493	1	3387	1
62	72.448	50	0	0	3.6306	11.478	8.439	7.874	1	5660	1
63	88.292	90	0	0	0.3622	12.147	-0.46952	11.744	1	4063	1
118	94.217	90	0	0	-0.8944	12.13	-0.4457	11.945	2	4115	1
119	69.309	50	0	0	4.288	11.353	9.3917	7.5587	2	3478	1
120	129.16	130	0	0	-7.6697	9.418	-8.4729	8.046	2	4033	1
121	129.43	130	0	0	-7.6539	9.3068	-8.6634	8.476	2	2717	1
122	91.857	90	0	0	-0.3909	12.06	2.0315	11.801	2	2800	1
123	64.243	50	0	0	5.2638	10.91	7.5815	9.508	2	3146	1
124	93.115	90	0	0	-0.6537	12.013	-0.11223	11.744	2	2719	1
125	129.99	130	0	0	-7.7354	9.223	-10.021	6.7273	2	2979	1
126	61.361	50	0	0	5.865	10.74	7.2242	8.1893	2	3737	1
127	67.879	50	0	0	4.5562	11.209	5.6759	10.769	2	3296	1
128	126.06	130	0	0	-7.1096	9.7638	-9.6638	7.014	2	2920	1
129	96.703	90	0	0	-1.4161	12.049	-0.58861	12.088	2	3034	1
130	129.45	130	0	0	-7.7062	9.3662	-10.378	6.9853	2	3199	1
131	100.31	90	0	0	-2.1801	11.99	-1.0412	12.002	2	3504	1
132	66.474	50	0	0	4.8114	11.052	7.3433	9.2787	2	3223	1
133	92.807	90	0	0	-0.5889	12.013	-0.77917	11.973	2	3525	1
134	69.896	50	0	0	4.1991	11.472	5.2472	10.139	2	2759	1
135	127.95	130	0	0	-7.3991	9.4863	-8.9969	8.0173	2	3113	1
190	132.03	130	0	0	-8.2127	9.1109	-10.045	6.154	3	2835	1
191	93.78	90	0	0	-0.7945	12.025	-1.1365	12.174	3	3487	1
192	53.238	50	0	0	7.2753	9.7385	8.3199	8.0747	3	3761	1
193	129.46	130	0	0	-7.6455	9.2871	-8.3299	8.4473	3	3251	1
194	100.23	90	0	0	-2.1488	11.908	-3.1135	11.658	3	3427	1
195	60.93	50	0	0	5.9127	10.636	9.2965	7.9313	3	3505	1
196	125.91	130	0	0	-7.0668	9.759	-9.4018	6.928	3	3199	1
197	66.309	50	0	0	4.8434	11.038	7.2956	9.2787	3	3089	1
198	92.56	90	0	0	-0.5381	12.035	-3.4708	11.199	3	3065	1
199	97.536	90	0	0	-1.5923	12.037	-3.9948	10.913	3	2903	1
200	75.138	50	0	0	3.0955	11.665	4.0324	11.171	3	3405	1
201	124.71	130	0	0	-6.9175	9.9848	-8.449	7.874	3	3039	1
202	65.667	50	0	0	5.0287	11.12	7.2718	9.25	3	3409	1
203	96.559	90	0	0	-1.3872	12.064	-0.37424	12.117	3	3145	1
204	123.63	130	0	0	-6.6597	10.011	-8.4014	8.4187	3	2935	1
205	61.933	50	0	0	5.7087	10.706	7.1765	9.2213	3	3311	1
206	126.21	130	0	0	-7.1884	9.8166	-8.7825	7.6447	3	2923	1
207	95.842	90	0	0	-1.2265	11.986	-0.70771	12.69	3	2677	1
262	133.19	130	0	0	-8.3652	8.9099	-9.4494	6.67	4	3376	1
263	94.694	90	0	0	-0.9833	11.976	-1.851	11.343	4	2863	1
264	60.789	50	0	0	5.9508	10.643	9.0106	8.0747	4	2768	1
265	69.351	50	0	0	4.2721	11.336	4.9375	11.027	4	2486	1
266	122.96	130	0	0	-6.6384	10.239	-7.8774	9.6227	4	2639	1
267	98.863	90	0	0	-1.8788	12.048	-1.3985	11.601	4	2664	1
268	120.47	130	0	0	-6.1702	10.489	-8.5205	8.4473	4	2590	1
269	94.6	90	0	0	-0.9824	12.209	-1.2317	11.916	4	2363	1
270	66.773	50	0	0	4.8189	11.229	5.3662	10.569	4	2605	1
271	61.861	50	0	0	5.6716	10.604	8.3199	7.4153	4	2606	1
272	94.573	90	0	0	-0.9568	11.962	-1.2794	11.973	4	2441	1
273	133.54	130	0	0	-8.4246	8.8649	-8.4967	8.1033	4	2396	1
274	134.39	130	0	0	-8.4151	8.5976	-8.8301	9.2213	4	2379	1
275	69.664	50	0	0	4.2167	11.377	6.8192	10.11	4	3189	1
276	95.956	90	0	0	-1.2645	12.12	-0.99354	11.859	4	2399	1
277	133.83	130	0	0	-8.4347	8.7856	-8.6634	8.5333	4	2279	1
278	96.414	90	0	0	-1.3515	12.022	-0.73153	11.916	4	2229	1
279	60.026	50	0	0	6.0909	10.561	7.6767	9.25	4	2369	1
