Trial#	TargetAngle	ArcAngle	XHomePosition(m)	YHomePosition(m)	XTarget(m)	YTarget(m)	XTouch	YTouch	Block#	Time(ms)
139	150.387472789	130	0.0	-0.085	-0.097377	-0.029654	1089	620	1	2109
140	49.0508102654	50	0.0	-0.085	0.074788	0.001188	492	805	1	2249
141	106.000515991	90	0.0	-0.085	-0.031053	0.023291	837	817	1	2329
142	111.066193841	90	0.0	-0.085	-0.040725	0.020727	762	792	1	3590
143	123.315610048	130	0.0	-0.085	-0.061722	0.008907	936	779	1	2230
144	42.7170780841	50	0.0	-0.085	0.081396	-0.009845	345	720	1	2324
145	92.4300153568	90	0.0	-0.085	-0.004718	0.026176	634	836	1	2330
146	62.6441810945	50	0.0	-0.085	0.051967	0.015444	414	757	1	2429
147	136.971263281	130	0.0	-0.085	-0.082859	-0.007655	1033	723	1	2271
148	52.5885263705	50	0.0	-0.085	0.068337	0.004344	386	725	1	2369
149	130.831232961	130	0.0	-0.085	-0.075333	0.002178	1011	781	1	2169
150	101.01858489	90	0.0	-0.085	-0.021436	0.025088	739	844	1	2369
151	73.9334633248	90	0.0	-0.085	0.031339	0.023815	531	810	1	2734
152	150.445178898	130	0.0	-0.085	-0.097059	-0.029964	1163	602	1	2189
153	37.0183876404	50	0.0	-0.085	0.090700	-0.016607	306	592	1	2666
154	46.4379532402	50	0.0	-0.085	0.079344	-0.001570	344	674	1	2632
155	103.043813934	90	0.0	-0.085	-0.025533	0.025211	800	786	1	4012
156	132.476610725	130	0.0	-0.085	-0.075301	-0.002756	948	667	1	2469
283	61.6787544956	50	0.0	-0.085	0.054359	0.015866	476	768	2	2290
284	158.256770325	130	0.0	-0.085	-0.105315	-0.042998	1118	597	2	2289
285	91.5658125084	90	0.0	-0.085	-0.003129	0.029467	728	856	2	2449
286	49.9943940633	50	0.0	-0.085	0.072850	0.001802	561	785	2	2669
287	128.64366678	90	0.0	-0.085	-0.070967	0.003760	945	846	2	2430
288	161.01927306	130	0.0	-0.085	-0.108306	-0.047748	1090	626	2	2550
289	50.3757775404	90	0.0	-0.085	0.072081	0.002056	586	829	2	2302
290	134.215814559	130	0.0	-0.085	-0.077500	-0.005349	951	732	2	2390
291	34.2075938017	50	0.0	-0.085	0.094136	-0.021007	297	648	2	2608
292	103.787504005	90	0.0	-0.085	-0.026349	0.022375	781	794	2	2584
293	129.349165167	130	0.0	-0.085	-0.071003	0.001597	955	741	2	2649
294	46.877981109	50	0.0	-0.085	0.078790	-0.000868	444	747	2	2389
295	66.4549250272	50	0.0	-0.085	0.045052	0.018390	467	849	2	6509
296	99.2070910906	90	0.0	-0.085	-0.017774	0.024654	1374	0	2	2429
297	150.95237868	130	0.0	-0.085	-0.098238	-0.030439	1075	725	2	2109
298	38.0192926122	50	0.0	-0.085	0.088664	-0.015680	355	712	2	2469
299	114.787620879	130	0.0	-0.085	-0.046782	0.016303	845	777	2	2563
300	76.6785824105	90	0.0	-0.085	0.025949	0.024589	558	864	2	2689
427	140.149540905	130	0.0	-0.085	-0.085945	-0.013265	999	710	3	2130
428	75.1989291849	90	0.0	-0.085	0.028941	0.024529	551	814	3	2229
429	40.3672059407	50	0.0	-0.085	0.087847	-0.010323	354	720	3	2169
430	110.2830213	130	0.0	-0.085	-0.039431	0.021693	872	794	3	2369
431	48.5120360441	50	0.0	-0.085	0.076629	0.001650	461	769	3	2389
432	88.4227153211	90	0.0	-0.085	0.003091	0.027254	724	785	3	2330
433	141.352707189	130	0.0	-0.085	-0.087109	-0.015344	990	776	3	2330
434	41.6964943724	50	0.0	-0.085	0.083579	-0.010543	430	779	3	2290
435	85.6973998791	90	0.0	-0.085	0.008336	0.025798	617	798	3	2729
436	108.831523059	90	0.0	-0.085	-0.036146	0.020987	743	854	3	2529
437	53.3537555922	50	0.0	-0.085	0.069145	0.007947	348	792	3	5471
438	124.889736246	130	0.0	-0.085	-0.064127	0.006959	940	809	3	2109
439	102.932608397	130	0.0	-0.085	-0.025017	0.023945	791	871	3	2149
440	30.9151944556	50	0.0	-0.085	0.096866	-0.026992	327	687	3	2109
441	103.393157224	90	0.0	-0.085	-0.026103	0.024627	827	863	3	2388
442	74.9990541479	90	0.0	-0.085	0.029650	0.025648	615	834	3	2389
443	78.1507066606	50	0.0	-0.085	0.023597	0.027469	586	870	3	2409
444	135.203416931	130	0.0	-0.085	-0.083245	-0.002344	1076	742	3	2549
571	152.392268057	130	0.0	-0.085	-0.103379	-0.030937	1006	729	4	2029
572	59.5078339593	50	0.0	-0.085	0.058362	0.014110	489	795	4	2129
573	91.3124714284	90	0.0	-0.085	-0.002574	0.027348	686	830	4	2129
574	59.1840743667	50	0.0	-0.085	0.060338	0.016154	389	743	4	2529
575	113.247596695	90	0.0	-0.085	-0.045688	0.021354	798	872	4	2429
576	119.88929043	130	0.0	-0.085	-0.057042	0.014242	862	899	4	2349
577	33.6759898122	50	0.0	-0.085	0.102392	-0.016775	256	745	4	2589
578	128.336417196	130	0.0	-0.085	-0.071003	0.004788	898	804	4	2390
579	94.6157173358	90	0.0	-0.085	-0.009039	0.026960	701	821	4	2369
580	109.28698496	130	0.0	-0.085	-0.037052	0.020881	831	838	4	2329
581	60.3311903399	90	0.0	-0.085	0.057340	0.015655	498	830	4	2506
582	60.0544533652	50	0.0	-0.085	0.057102	0.014121	482	791	4	2472
583	136.714878861	130	0.0	-0.085	-0.082528	-0.007270	1072	711	4	2429
584	67.9689959852	90	0.0	-0.085	0.042866	0.020932	608	852	4	2370
585	31.0450599679	50	0.0	-0.085	0.099508	-0.025103	253	657	4	2456
586	120.849553643	90	0.0	-0.085	-0.057401	0.011102	879	816	4	2705
587	57.4928764173	50	0.0	-0.085	0.060335	0.009681	511	832	4	2486
588	125.12748461	130	0.0	-0.085	-0.065495	0.008095	1014	754	4	2769
