trial	targetangle_deg	arcangle_deg	homex_cm	homey_cm	handx_cm	handy_cm	tapx_cm	tapy_cm	block	time_ms	selected
91	147.32	130	0	0	-10.216	6.5526	-7.2967	8.738	1	5409	1
92	129.39	90	0	0	-7.8073	9.5097	-3.3188	11.977	1	3449	1
93	91.55	50	0	0	-0.3291	12.16	6.1137	10.601	1	3329	1
94	90.462	50	0	0	-0.0973	12.075	5.3276	9.77	1	5917	1
95	60.031	90	0	0	6.022	10.443	1.6594	10.945	1	5774	1
96	150.24	130	0	0	-10.519	6.0138	-8.2494	7.964	1	3489	1
97	97.069	50	0	0	-1.4808	11.94	5.8517	9.7127	1	3789	1
98	127.12	90	0	0	-7.2714	9.6063	-2.5566	11.748	1	3169	1
99	155.13	130	0	0	-11.055	5.1248	-8.4876	7.6487	1	3309	1
100	30.455	50	0	0	10.417	6.1253	10.782	4.1513	1	3730	1
101	136.02	90	0	0	-8.7256	8.4196	-2.6519	11.519	1	3179	1
102	155.11	130	0	0	-10.948	5.0785	-8.2256	8.7667	1	3229	1
103	133.03	130	0	0	-8.1885	8.7726	-5.6055	10.917	1	3389	1
104	79.799	50	0	0	2.1299	11.837	7.1141	8.9673	1	3448	1
105	111.79	90	0	0	-4.5029	11.266	0.15882	11.805	1	3589	1
106	116.07	90	0	0	-5.3056	10.843	-0.2223	11.605	1	3448	1
107	60.942	50	0	0	5.8575	10.542	10.473	5.3267	1	3389	1
108	146.95	130	0	0	-10.141	6.5979	-8.2971	8.05	1	3309	1
235	81.525	50	0	0	1.7794	11.942	5.28	10.859	2	4982	1
236	132.32	90	0	0	-8.1634	8.9648	-2.1755	11.949	2	3333	1
237	169.13	130	0	0	-11.807	2.267	-8.6306	7.5913	2	3489	1
238	91.531	90	0	0	-0.3256	12.182	3.2077	11.347	2	3179	1
239	82.422	50	0	0	1.5888	11.943	5.804	9.254	2	3169	1
240	155.28	130	0	0	-10.928	5.0317	-7.8922	7.5913	2	3801	1
241	85.734	50	0	0	0.9031	12.107	6.5186	8.3653	2	3509	1
242	117.14	90	0	0	-5.5487	10.822	-1.6515	11.175	2	3148	1
243	138.87	130	0	0	-9.1162	7.9605	-7.0347	9.254	2	3149	1
244	70.679	50	0	0	4.0147	11.45	7.8287	7.964	2	4272	1
245	100.94	90	0	0	-2.2906	11.855	2.0644	10.859	2	6100	1
246	152.24	130	0	0	-10.65	5.607	-7.7731	7.792	2	3274	1
247	114.1	90	0	0	-4.9034	10.963	-0.2223	11.203	2	3109	1
248	160.87	130	0	0	-11.578	4.0159	-8.1065	7.62	2	3909	1
249	56.578	50	0	0	6.6115	10.018	10.02	5.8427	2	3630	1
250	86.456	50	0	0	0.7515	12.134	6.209	8.91	2	3789	1
251	146.94	130	0	0	-10.268	6.6831	-7.4872	7.62	2	5558	1
252	95.384	90	0	0	-1.1299	11.988	2.7075	11.089	2	4349	1
379	120.31	90	0	0	-6.0767	10.395	-3.3903	11.605	3	4042	1
380	152.67	130	0	0	-10.686	5.5215	-8.8688	7.3333	3	3209	1
381	76.723	50	0	0	2.7824	11.792	5.2562	9.942	3	3269	1
382	84.537	50	0	0	1.1545	12.072	5.7087	9.3113	3	3409	1
383	149.13	130	0	0	-10.328	6.1738	-8.1065	7.7347	3	3189	1
384	114.11	90	0	0	-4.9656	11.096	-2.366	10.888	3	3169	1
385	150.8	130	0	0	-10.552	5.8977	-8.4876	6.932	3	3658	1
386	92.91	90	0	0	-0.6203	12.201	1.6833	10.831	3	3269	1
387	71.324	50	0	0	3.8984	11.533	6.8997	8.3367	3	3188	1
388	118.33	90	0	0	-5.7687	10.702	-1.4847	10.687	3	5185	1
389	145.76	130	0	0	-9.9603	6.7803	-8.178	7.792	3	3975	1
390	57.922	50	0	0	6.4743	10.33	8.1145	7.3333	3	4439	1
391	136.11	130	0	0	-8.7465	8.4131	-5.534	9.2827	3	2869	1
392	56.241	50	0	0	6.7028	10.028	8.6862	6.9033	3	3389	1
393	116.62	90	0	0	-5.4492	10.871	-0.17466	10.63	3	5065	1
394	79.272	50	0	0	2.2513	11.883	6.9235	9.8847	3	3849	1
395	108.65	90	0	0	-3.8957	11.539	-1.0798	10.888	3	3149	1
396	119.97	130	0	0	-6.0912	10.564	-3.0806	10.458	3	3209	1
523	159.98	130	0	0	-11.276	4.1087	-8.7735	7.534	4	4096	1
524	124.05	90	0	0	-6.7907	10.05	-2.3899	11.232	4	3329	1
525	74.137	50	0	0	3.2854	11.562	6.4948	9.4833	4	3449	1
526	60.281	50	0	0	6.0383	10.578	9.2578	5.7567	4	3712	1
527	144.54	130	0	0	-9.865	7.0275	-4.6527	10.372	4	3644	1
528	128.26	90	0	0	-7.5339	9.5521	-2.2231	11.146	4	2934	1
529	159.99	130	0	0	-11.431	4.1626	-7.3681	7.706	4	2809	1
530	95.178	90	0	0	-1.0947	12.081	2.7551	10.515	4	2849	1
531	68.227	50	0	0	4.4786	11.213	7.781	8.6807	4	2809	1
532	138.03	130	0	0	-9.009	8.1018	-5.4149	9.1107	4	2748	1
533	62.154	50	0	0	5.6407	10.678	9.1626	6.1293	4	2670	1
534	102.43	90	0	0	-2.6182	11.881	4.3272	9.9993	4	3633	1
535	71.083	50	0	0	3.9559	11.543	7.7334	8.4513	4	2768	1
536	116.14	90	0	0	-5.3752	10.951	1.326	10.659	4	2688	1
537	122.8	130	0	0	-6.5882	10.221	-2.9854	10.429	4	3012	1
538	59.61	50	0	0	6.1406	10.471	10.33	4.8107	4	2849	1
539	134.44	130	0	0	-8.5127	8.6814	-4.3669	9.684	4	2669	1
540	101.09	90	0	0	-2.355	12.016	2.6837	10.487	4	2669	1
