Trial#	TargetAngle	ArcAngle	XHomePosition(m)	YHomePosition(m)	XTarget(m)	YTarget(m)	XTouch	YTouch	Block#	Time(ms)
46	52.5570376868	50	0.0	-0.085	0.076871	0.015387	444	546	1	3731
47	109.879995303	90	0.0	-0.085	-0.042151	0.031568	922	647	1	3355
48	149.940977755	130	0.0	-0.085	-0.107025	-0.023062	1190	511	1	2752
49	41.9754113665	50	0.0	-0.085	0.090413	-0.003662	400	473	1	3051
50	134.23699234	130	0.0	-0.085	-0.083756	0.001017	1124	538	1	2889
51	91.1916997163	90	0.0	-0.085	-0.002524	0.036334	807	680	1	2955
52	137.023124811	130	0.0	-0.085	-0.089113	-0.001968	1171	529	1	2949
53	107.167253946	90	0.0	-0.085	-0.035899	0.031206	974	659	1	3211
54	51.7623935882	50	0.0	-0.085	0.075452	0.010753	382	440	1	2948
55	93.2718745235	90	0.0	-0.085	-0.006929	0.036206	837	677	1	3389
56	115.435403991	130	0.0	-0.085	-0.052708	0.025826	995	652	1	3110
57	75.216990973	50	0.0	-0.085	0.031220	0.033305	629	652	1	3049
58	65.4607390414	90	0.0	-0.085	0.050667	0.025977	623	681	1	3030
59	139.435040105	130	0.0	-0.085	-0.091472	-0.006696	1216	492	1	3090
60	61.5500727672	50	0.0	-0.085	0.057441	0.021014	465	562	1	3089
61	115.65786135	90	0.0	-0.085	-0.052811	0.024940	952	659	1	2949
62	143.890498299	130	0.0	-0.085	-0.098705	-0.012998	1204	500	1	3249
63	49.0584765638	50	0.0	-0.085	0.078963	0.006024	370	483	1	3104
118	41.4177005527	50	0.0	-0.085	0.090230	-0.005402	396	475	2	3806
119	94.4302903992	90	0.0	-0.085	-0.009436	0.036790	798	688	2	2929
120	117.25064471	130	0.0	-0.085	-0.056132	0.023984	959	653	2	2929
121	152.077886377	130	0.0	-0.085	-0.106367	-0.028629	1216	475	2	2849
122	88.5200929464	90	0.0	-0.085	0.003159	0.037276	813	692	2	2969
123	71.3548340271	50	0.0	-0.085	0.039046	0.030721	627	647	2	2949
124	117.66810965	90	0.0	-0.085	-0.055824	0.021473	965	663	2	3009
125	112.012076757	130	0.0	-0.085	-0.045373	0.027234	922	648	2	2989
126	42.7728188341	50	0.0	-0.085	0.091037	-0.000779	347	456	2	3089
127	143.303239133	130	0.0	-0.085	-0.097911	-0.012028	1209	474	2	2829
128	54.2695818835	50	0.0	-0.085	0.071640	0.014586	438	529	2	2769
129	95.5370573352	90	0.0	-0.085	-0.011713	0.035825	818	694	2	2908
130	71.9430162264	50	0.0	-0.085	0.037251	0.029260	610	655	2	2989
131	66.3486740172	90	0.0	-0.085	0.048572	0.025906	634	642	2	2949
132	150.129770447	130	0.0	-0.085	-0.104178	-0.025167	1193	500	2	2809
133	52.9107420956	50	0.0	-0.085	0.073056	0.011635	387	472	2	2868
134	84.3633545	90	0.0	-0.085	0.011919	0.035764	830	672	2	2850
135	143.313682965	130	0.0	-0.085	-0.098210	-0.011833	1224	475	2	2749
190	90.5702332521	90	0.0	-0.085	-0.001195	0.035067	806	677	3	3784
191	69.7873767979	50	0.0	-0.085	0.041627	0.028062	603	626	3	2949
192	119.520290069	130	0.0	-0.085	-0.060479	0.021808	999	624	3	2769
193	151.79153265	130	0.0	-0.085	-0.108532	-0.026785	1205	447	3	2739
194	97.8032838862	90	0.0	-0.085	-0.016471	0.035190	857	644	3	2929
195	50.3442410373	50	0.0	-0.085	0.077500	0.008496	419	469	3	2789
196	102.896995819	90	0.0	-0.085	-0.026835	0.032196	920	660	3	2589
197	35.508292795	50	0.0	-0.085	0.100374	-0.013382	364	473	3	2849
198	147.868630806	130	0.0	-0.085	-0.103649	-0.019902	1204	434	3	2869
199	99.4170791581	90	0.0	-0.085	-0.019962	0.035358	894	678	3	3884
200	147.471633738	130	0.0	-0.085	-0.102064	-0.019907	1235	463	3	2729
201	37.8475264891	50	0.0	-0.085	0.097551	-0.009202	351	445	3	2889
202	126.288581157	130	0.0	-0.085	-0.071519	0.012402	1105	575	3	3750
203	91.5962619635	90	0.0	-0.085	-0.003366	0.035787	776	705	3	3067
204	35.900305157	50	0.0	-0.085	0.098822	-0.013464	381	432	3	2789
205	97.5698055896	90	0.0	-0.085	-0.015824	0.034074	894	687	3	2908
206	54.3137240981	50	0.0	-0.085	0.071538	0.014606	463	581	3	2928
207	146.983724964	130	0.0	-0.085	-0.101334	-0.019152	1192	464	3	3028
262	110.425834581	90	0.0	-0.085	-0.042130	0.028128	946	650	4	3170
263	32.4201984313	50	0.0	-0.085	0.103805	-0.019072	409	471	4	2909
264	135.65248918	130	0.0	-0.085	-0.087786	0.000809	1094	540	4	4865
265	39.3862333185	50	0.0	-0.085	0.093093	-0.008570	398	470	4	2769
266	95.1976822094	90	0.0	-0.085	-0.010978	0.035682	820	675	4	3110
267	152.467722367	130	0.0	-0.085	-0.106727	-0.029365	1177	503	4	2909
268	116.958071136	130	0.0	-0.085	-0.054413	0.021985	1000	637	4	3664
269	93.5539371244	90	0.0	-0.085	-0.007488	0.035565	782	665	4	2849
270	35.3941508091	50	0.0	-0.085	0.100967	-0.013262	357	420	4	2809
271	112.166689307	90	0.0	-0.085	-0.045333	0.026270	965	607	4	3089
272	33.2509516641	50	0.0	-0.085	0.102716	-0.017654	365	449	4	3009
273	148.502849626	130	0.0	-0.085	-0.103280	-0.021717	1206	473	4	2929
274	131.777569889	130	0.0	-0.085	-0.081084	0.005759	1094	543	4	4062
275	32.2952458367	50	0.0	-0.085	0.102035	-0.020508	367	427	4	2949
276	91.9714468249	90	0.0	-0.085	-0.004188	0.036667	800	661	4	3759
277	146.935996302	130	0.0	-0.085	-0.101512	-0.018916	1177	515	4	2809
278	29.1221638838	50	0.0	-0.085	0.105780	-0.026070	365	444	4	2848
279	91.3641989519	90	0.0	-0.085	-0.002871	0.035558	810	688	4	3069
