-0.119880
-0.065257
0.014348
0.035201
-0.003685
0.036275
-0.047386
0.027095
-0.102363
-0.022036
0.037843
0.029007
-0.097934
-0.013565
0.037213
0.029386
-0.041300
0.027751
0.043930
0.027034
-0.082008
0.003299
-0.028232
0.032129
-0.025666
0.033275
-0.087163
-0.001125
0.051833
0.024762
-0.000146
0.035487
-0.059810
0.019362
0.043178
0.028552
-0.055813
0.022617
-0.104486
-0.022541
0.031324
0.032439
-0.094849
-0.009201
0.045860
0.027398
-0.035835
0.029530
-0.026070
0.033389
0.038601
0.029503
-0.070811
0.013014
-0.071143
0.013020
-0.043296
0.027695
0.035438
0.030053
-0.019940
0.033967
-0.097917
-0.014472
0.079834
0.005852
-0.029141
0.031817
0.061041
0.019861
-0.035346
0.029759
-0.101131
-0.017807
-0.003117
0.035980
0.036120
0.030897
-0.105953
-0.027782
0.079203
0.007892
-0.005447
0.035252
-0.064279
0.016857
0.003012
0.036433
0.037602
0.030792
-0.009254
0.035848
-0.065033
0.016903
-0.008136
0.035314
-0.039747
0.028837
0.014920
0.035279
-0.115646
-0.052156
-0.072553
0.010731
0.064342
0.018097
-0.007333
0.035013
-0.045626
0.027701
-0.090502
-0.006128
0.030162
0.031479
-0.035132
0.029875
-0.091557
-0.007111
0.015127
0.035058
-0.026042
0.032194
-0.094886
-0.010167
0.035654
0.029937
-0.035294
0.031268
-0.086884
-0.001746
0.036542
0.031598
-0.028550
0.031950
0.037272
0.031755
-0.089396
-0.003802
-0.005043
0.035410
0.034732
0.030592
-0.089233
-0.002628
