trial	targetangle_deg	arcangle_deg	homex_cm	homey_cm	handx_cm	handy_cm	tapx_cm	tapy_cm	block	time_ms	selected
73	67.79	90	0	0	4.2104	10.312	6.0197	13.671	1	5100	0
74	109.99	130	0	0	-3.8175	10.496	-2.7221	13.671	1	3866	0
75	29.396	50	0	0	9.6514	5.4373	13.713	5.874	1	3712	1
76	140.37	130	0	0	-8.7562	7.252	-9.201	8.282	1	3404	1
77	36.789	50	0	0	8.9669	6.7054	13.904	8.0813	1	4118	1
78	94.321	90	0	0	-0.8376	11.086	2.5182	13.671	1	3688	0
79	63.617	90	0	0	4.9344	9.9479	8.211	13.671	1	3811	0
80	56.153	50	0	0	6.367	9.4942	9.8546	11.55	1	4288	1
81	131.3	130	0	0	-7.4819	8.5173	-6.6523	9.4573	1	3689	1
82	102.21	130	0	0	-2.3425	10.828	-0.31632	13.671	1	3776	0
83	40.181	50	0	0	8.6327	7.2902	14.547	4.6987	1	4113	0
84	99.478	90	0	0	-1.8287	10.954	1.2796	13.671	1	3732	0
85	66.783	90	0	0	4.4201	10.304	8.8303	13.671	1	4133	0
86	60.703	50	0	0	5.5781	9.9413	9.4258	13.155	1	3781	1
87	127.59	130	0	0	-6.9327	9.004	-7.7956	11.521	1	3451	1
88	97.93	130	0	0	-1.5564	11.174	-1.3882	13.671	1	3483	0
89	59.121	50	0	0	5.8185	9.7302	9.664	12.324	1	3317	1
90	94.411	90	0	0	-0.8582	11.125	-0.64979	13.671	1	3223	0
145	129.39	130	0	0	-7.1815	8.7459	-8.5102	9.1133	2	3132	1
146	54.083	50	0	0	6.7539	9.3244	11.403	10.002	2	3235	1
147	95.474	90	0	0	-1.0588	11.048	0.064789	13.241	2	3384	1
148	60.791	50	0	0	5.5922	10.002	9.7355	12.381	2	3614	1
149	96.735	90	0	0	-1.3169	11.152	-1.2453	13.671	2	3566	0
150	141.79	130	0	0	-8.8459	6.9624	-8.3197	7.6227	2	3718	1
151	70.073	50	0	0	3.9868	10.997	7.1392	12.238	2	4362	1
152	86.366	90	0	0	0.7135	11.235	4.7096	12.897	2	3452	1
153	155.66	130	0	0	-10.147	4.5907	-10.273	5.5587	2	3204	1
154	111.9	90	0	0	-4.211	10.474	-2.5315	12.897	2	3158	1
155	93.371	130	0	0	-0.6542	11.107	-0.69743	12.983	2	3256	1
156	30.916	50	0	0	9.8029	5.8706	14.666	3.6667	2	3296	0
157	51.821	50	0	0	7.1234	9.059	10.998	10.375	2	3328	1
158	134.18	130	0	0	-7.9129	8.1438	-6.8905	8.7407	2	3472	1
159	95.879	90	0	0	-1.1361	11.034	-0.81653	11.751	2	3180	1
160	69.529	90	0	0	4.0387	10.819	7.5203	12.066	2	3466	1
161	110.22	130	0	0	-3.8542	10.467	-0.84035	11.349	2	3200	1
162	59.534	50	0	0	5.82	9.8938	11.498	9.9447	2	3219	1
217	92.055	90	0	0	-0.3992	11.127	-0.030489	12.582	3	3309	1
218	44.983	50	0	0	8.0558	8.051	12.403	5.5873	3	3856	1
219	143.59	130	0	0	-8.9717	6.6162	-8.8675	5.2433	3	3152	1
220	108.7	90	0	0	-3.5951	10.623	-4.6038	11.407	3	3204	1
221	33.287	50	0	0	9.4629	6.2128	13.285	3.3227	3	3103	1
222	105.3	130	0	0	-2.9126	10.645	-3.5319	12.553	3	2920	1
223	70.82	50	0	0	3.7729	10.847	5.2098	11.493	3	3378	1
224	135.74	130	0	0	-8.0007	7.7967	-10.964	5.5587	3	2824	1
225	63.483	90	0	0	5.0368	10.095	6.7581	12.037	3	3446	1
226	124.17	130	0	0	-6.3033	9.2848	-6.4617	11.55	3	3464	1
227	61.578	90	0	0	5.4116	9.9994	7.2821	10.604	3	3102	1
228	70.611	50	0	0	3.7622	10.69	5.5433	12.553	3	3420	1
229	96.909	90	0	0	-1.3421	11.076	0.23153	13.671	3	3239	0
230	102.22	130	0	0	-2.3805	10.989	-1.7217	13.127	3	3284	1
231	35.544	50	0	0	9.2927	6.6391	13.904	3.5807	3	3126	0
232	133.8	130	0	0	-7.8113	8.1469	-5.8424	9.228	3	3400	1
233	41.977	50	0	0	8.451	7.6033	12.403	6.3327	3	3314	1
234	98.742	90	0	0	-1.7218	11.197	-0.88799	13.671	3	3366	0
289	39.474	50	0	0	8.8678	7.3032	13.737	4.2687	4	3058	1
290	140.49	130	0	0	-8.6431	7.1285	-9.6535	6.6767	4	3121	1
291	76.475	90	0	0	2.6645	11.077	6.0197	11.607	4	3427	1
292	102.96	130	0	0	-2.5341	11.014	-3.4605	11.464	4	3368	1
293	30.018	50	0	0	9.9061	5.7235	13.785	4.6987	4	3135	1
294	104.5	90	0	0	-2.8185	10.902	-3.5081	12.181	4	3271	1
295	54.687	50	0	0	6.8955	9.734	7.9728	10.145	4	3531	1
296	106.95	90	0	0	-3.2798	10.758	-3.794	13.155	4	3164	1
297	114.22	130	0	0	-4.6344	10.304	-3.5796	12.467	4	3230	1
298	95.835	90	0	0	-1.1563	11.316	1.4225	13.671	4	3058	0
299	91.911	130	0	0	-0.376	11.271	-1.5549	13.671	4	3040	0
300	32.525	50	0	0	9.4644	6.0352	14.19	4.4693	4	2914	0
301	98.877	90	0	0	-1.7239	11.037	-0.36396	13.671	4	3198	0
302	134.7	130	0	0	-7.9043	7.9866	-9.1533	8.5687	4	2936	1
303	46.502	50	0	0	7.8025	8.2226	10.545	8.4827	4	3624	1
304	61.221	50	0	0	5.4928	10	7.163	12.783	4	3254	1
305	121.29	130	0	0	-5.8035	9.547	-7.5813	10.719	4	3049	1
306	85.365	90	0	0	0.9088	11.209	2.9708	13.671	4	3134	0
