trial	targetangle_deg	arcangle_deg	homex_cm	homey_cm	handx_cm	handy_cm	tapx_cm	tapy_cm	block	time_ms	selected
139	118.06	90	0	0	-5.3849	10.101	-4.8999	13.627	1	2919	1
140	130.45	130	0	0	-7.3285	8.5955	-8.3299	12.251	1	2419	1
141	68.124	50	0	0	4.2026	10.467	7.3671	11.477	1	2214	1
142	125.32	130	0	0	-6.5796	9.2845	-6.4244	13.169	1	2139	1
143	73.453	50	0	0	3.275	11.023	6.8431	12.309	1	2320	1
144	90.753	90	0	0	-0.1498	11.398	3.6751	14.688	1	2300	1
145	63.059	50	0	0	5.0542	9.9447	9.1774	10.015	1	2300	1
146	114.17	130	0	0	-4.6121	10.277	-3.4946	14.258	1	2180	1
147	80.904	90	0	0	1.7631	11.013	5.0328	13.627	1	2219	1
148	87.499	50	0	0	0.4864	11.137	1.7933	14.373	1	2199	1
149	118.05	130	0	0	-5.3564	10.051	-3.7328	14.459	1	2279	1
150	93.824	90	0	0	-0.7493	11.21	-0.37424	14.315	1	2199	1
151	75.54	90	0	0	2.8602	11.092	4.5087	13.369	1	2219	1
152	115.11	130	0	0	-4.7063	10.044	-3.0658	14.373	1	2099	1
153	84.234	50	0	0	1.1138	11.03	2.4841	14.373	1	2219	1
154	115.41	130	0	0	-4.8898	10.292	-3.3517	14.745	1	2259	1
155	115.11	90	0	0	-4.7155	10.064	-4.9714	13.427	1	2239	1
156	68.479	50	0	0	4.1782	10.595	6.1523	12.853	1	2159	1
283	68.689	50	0	0	4.0776	10.452	7.6291	12.595	2	2859	1
284	128.74	130	0	0	-7.1032	8.855	-7.7583	11.391	2	2559	1
285	124.66	90	0	0	-6.3616	9.2002	-5.7336	13.599	2	2317	1
286	72.223	90	0	0	3.4533	10.771	4.9851	13.685	2	2179	1
287	63.953	50	0	0	5.0276	10.287	7.4624	11.678	2	2239	1
288	131.22	130	0	0	-7.2817	8.3129	-9.0922	10.617	2	2079	1
289	62.472	50	0	0	5.0997	9.7848	7.7006	11.535	2	2187	1
290	112.43	130	0	0	-4.3304	10.492	-3.1611	14.688	2	2079	1
291	114.84	90	0	0	-4.7681	10.298	-5.0905	13.914	2	2090	1
292	43.38	50	0	0	8.2399	7.7866	10.607	7.894	2	2099	1
293	107.86	130	0	0	-3.4746	10.782	-3.3993	13.885	2	2639	1
294	94.444	90	0	0	-0.871	11.208	-0.11223	14.057	2	2239	1
295	75.934	90	0	0	2.783	11.108	4.6278	13.943	2	2139	1
296	114.08	130	0	0	-4.6464	10.397	-3.1135	14.573	2	2099	1
297	61.421	50	0	0	5.3194	9.7651	8.963	11.076	2	2179	1
298	98.183	90	0	0	-1.6314	11.345	-0.42188	15.032	2	2159	1
299	81.568	50	0	0	1.6457	11.102	2.4365	15.032	2	2140	1
300	166.81	130	0	0	-11.217	2.629	-10.235	6.604	2	2426	0
427	66.946	50	0	0	4.4748	10.514	6.2714	12.681	3	2480	1
428	137.91	130	0	0	-8.1967	7.4043	-9.0445	10.789	3	2239	1
429	117.11	90	0	0	-5.1374	10.033	-5.281	14.631	3	2118	1
430	49.478	50	0	0	7.2701	8.5056	10.892	8.4387	3	2100	1
431	115.33	130	0	0	-4.818	10.179	-2.7324	15.118	3	2100	1
432	106.76	90	0	0	-3.2126	10.669	-2.0416	15.462	3	2200	1
433	85.188	90	0	0	0.9409	11.177	3.1987	14.287	3	2280	1
434	79.538	50	0	0	2.0268	10.976	4.7708	13.828	3	2180	1
435	130.08	130	0	0	-7.3983	8.792	-8.7825	11.391	3	2299	1
436	95.994	90	0	0	-1.1817	11.255	1.6742	14.201	3	2674	1
437	123.95	130	0	0	-6.3582	9.4433	-9.0445	9.184	3	3022	0
438	65.806	50	0	0	4.6176	10.278	8.1531	11.363	3	2119	1
439	90.653	50	0	0	-0.1285	11.282	4.1991	13.541	3	2299	1
440	78.354	90	0	0	2.2818	11.071	4.4135	13.971	3	2099	1
441	116.77	130	0	0	-5.1232	10.155	-3.8042	14.201	3	2139	1
442	63.811	50	0	0	4.8669	9.8955	8.1293	12.194	3	2059	1
443	112.97	90	0	0	-4.3282	10.21	-5.2096	13.943	3	2019	1
444	115.15	130	0	0	-4.811	10.248	-3.3755	14.201	3	2119	1
571	135.54	130	0	0	-8.0321	7.8829	-9.9497	10.331	4	2419	1
572	93.977	90	0	0	-0.7928	11.403	2.0553	14.516	4	2399	1
573	49.075	50	0	0	7.2731	8.3888	10.154	8.5533	4	2299	1
574	84.244	50	0	0	1.1293	11.203	2.4126	14.717	4	2279	1
575	79.562	90	0	0	2.0179	10.954	4.4135	13.828	4	2179	1
576	131.65	130	0	0	-7.3997	8.32	-9.1874	10.875	4	2180	1
577	113.89	90	0	0	-4.5663	10.309	-4.9714	13.742	4	2539	1
578	53.137	50	0	0	6.7383	8.9865	10.63	8.1233	4	2279	1
579	114.45	130	0	0	-4.6063	10.131	-3.3517	14.344	4	2226	1
580	96.187	90	0	0	-1.2198	11.253	-0.11223	14.487	4	2320	1
581	121	130	0	0	-5.8007	9.6533	-4.7808	14.315	4	2099	1
582	54.926	50	0	0	6.4059	9.1236	9.8919	8.6967	4	2504	1
583	115.3	130	0	0	-4.902	10.369	-3.4469	14.029	4	2319	1
584	74.065	50	0	0	3.1036	10.87	5.5568	13.197	4	2536	1
585	84.036	90	0	0	1.1758	11.255	3.6989	14.516	4	2544	1
586	112.5	90	0	0	-4.345	10.489	-5.3763	13.828	4	2199	1
587	119.66	130	0	0	-5.5926	9.8199	-3.4231	14.258	4	2239	1
588	64.549	50	0	0	4.7626	10.007	7.8197	11.133	4	2239	1
