trial	targetangle_deg	arcangle_deg	homex_cm	homey_cm	handx_cm	handy_cm	tapx_cm	tapy_cm	block	time_ms	selected
73	170.88	50	0	0	-11.284	1.8109	3.9609	10.97	1	9116	0
74	122.03	130	0	0	-6.2595	10.005	-6.0433	10.655	1	3544	1
75	75.983	90	0	0	2.7663	11.081	2.5794	11.744	1	3143	1
76	110.28	90	0	0	-4.0045	10.836	-3.3279	11.171	1	3213	1
77	13.014	50	0	0	11.188	2.5858	10.321	4.95	1	3013	1
78	144.87	130	0	0	-9.1502	6.4373	-9.5924	4.4913	1	3325	1
79	93.678	90	0	0	-0.741	11.527	0.030691	12.002	1	3847	1
80	39.867	50	0	0	8.6483	7.2227	10.178	6.0967	1	3601	1
81	138.68	130	0	0	-8.425	7.4057	-9.4256	6.9567	1	4467	1
82	41.007	50	0	0	8.8626	7.7061	10.249	5.3513	1	4753	1
83	144.88	130	0	0	-9.5774	6.7362	-10.783	4.692	1	3437	1
84	77.373	90	0	0	2.5115	11.211	4.5326	10.97	1	3497	1
85	58.302	50	0	0	6.002	9.7189	7.2242	9.25	1	3505	1
86	119.87	90	0	0	-5.637	9.8144	-4.495	11.142	1	3503	1
87	108.58	130	0	0	-3.6109	10.745	-3.6375	10.798	1	5166	1
88	142.94	130	0	0	-8.8317	6.6694	-10.617	5.552	1	3576	1
89	47.677	50	0	0	7.6006	8.3462	6.8907	9.594	1	3504	1
90	105.22	90	0	0	-2.9407	10.808	-2.7562	10.884	1	4982	1
145	30.117	50	0	0	9.692	5.622	10.511	6.068	2	3295	1
146	125.66	130	0	0	-6.684	9.3171	-8.5919	8.1033	2	3229	1
147	92.522	90	0	0	-0.4947	11.23	-0.77917	11.916	2	3459	1
148	36.462	50	0	0	9.0143	6.6609	10.202	6.0107	2	3313	1
149	137.98	130	0	0	-8.402	7.5697	-9.7115	6.1827	2	3445	1
150	102.57	90	0	0	-2.4171	10.843	-0.68389	11.371	2	4471	1
151	27.562	50	0	0	9.9746	5.2061	11.107	4.4913	2	3147	1
152	143.47	130	0	0	-8.9818	6.6535	-10.402	4.434	2	3230	1
153	85.154	90	0	0	0.9324	10.998	3.7703	10.855	2	3245	1
154	72.019	50	0	0	3.4975	10.777	5.3662	9.938	2	3039	1
155	102.11	90	0	0	-2.3424	10.917	-1.0412	11.543	2	3345	1
156	170.85	130	0	0	-11.023	1.7758	-10.76	4.9213	2	3360	1
157	103.94	130	0	0	-2.7181	10.951	-2.5656	11.199	2	3490	1
158	71.216	50	0	0	3.6167	10.634	6.4619	9.3073	2	4410	1
159	90.159	90	0	0	-0.0312	11.225	3.5798	10.97	2	4522	1
160	111.56	90	0	0	-4.1245	10.44	-4.0424	11.515	2	3508	1
161	151.43	130	0	0	-9.8915	5.3868	-10.283	4.262	2	3328	1
162	40.569	50	0	0	8.6565	7.4114	10.13	6.0967	2	3168	1
217	122.27	130	0	0	-6.0153	9.5259	-8.8063	6.8133	3	3202	1
218	36.1	50	0	0	9.0406	6.5926	10.773	4.864	3	3220	1
219	109.93	90	0	0	-3.8054	10.496	-1.2794	11.228	3	3122	1
220	139.13	130	0	0	-8.5526	7.4009	-9.5209	6.7273	3	3412	1
221	74.33	90	0	0	3.0341	10.816	5.5806	9.9953	3	3269	1
222	69.91	50	0	0	3.8241	10.456	6.5334	9.6513	3	3008	1
223	148.27	130	0	0	-9.5546	5.9089	-10.593	4.8353	3	2992	1
224	69.861	90	0	0	3.906	10.651	5.6759	10.11	3	3172	1
225	53.006	50	0	0	6.7529	8.9632	9.7967	6.412	3	3180	1
226	127.51	90	0	0	-6.8749	8.9575	-5.2572	10.053	3	3314	1
227	138.44	130	0	0	-8.4567	7.4977	-9.5685	6.8993	3	2990	1
228	46.708	50	0	0	7.7068	8.1805	9.8205	6.5267	3	3218	1
229	119.93	90	0	0	-5.6119	9.7462	-3.709	10.913	3	3424	1
230	177.26	130	0	0	-11.519	0.551	-10.474	4.4627	3	3494	1
231	34.943	50	0	0	9.2604	6.4704	10.63	5.4373	3	4590	1
232	143.13	130	0	0	-8.9395	6.7047	-9.8067	6.1253	3	3242	1
233	96.506	90	0	0	-1.2582	11.033	0.62618	11.171	3	3012	1
234	48.742	50	0	0	7.4224	8.4611	10.654	5.208	3	3101	1
289	145.32	130	0	0	-9.1629	6.3408	-10.378	4.9213	4	2845	1
290	42.319	50	0	0	8.218	7.4828	10.797	4.4053	4	3223	1
291	95.625	90	0	0	-1.0854	11.02	0.24507	11.744	4	3029	1
292	161.35	130	0	0	-10.688	3.6071	-10.45	4.95	4	3243	1
293	97.948	90	0	0	-1.5555	11.142	-1.8749	11.285	4	5739	1
294	41.603	50	0	0	8.4418	7.4958	10.63	5.81	4	3665	1
295	120.95	90	0	0	-5.777	9.6354	-4.8047	10.913	4	3479	1
296	149.08	130	0	0	-9.6515	5.781	-10.521	4.4913	4	3521	1
297	24.19	50	0	0	10.15	4.5594	11.273	4.4627	4	4443	1
298	100.21	90	0	0	-1.9765	10.978	-0.61243	11.744	4	3165	1
299	149.94	130	0	0	-9.6798	5.6026	-10.617	4.9787	4	4424	1
300	24.865	50	0	0	10.278	4.7631	10.559	5.2367	4	3454	1
301	140.49	130	0	0	-8.6431	7.1285	-8.9969	7.3293	4	2862	1
302	55.843	50	0	0	6.329	9.3279	8.5819	7.9313	4	3244	1
303	113.57	90	0	0	-4.473	10.251	-4.1615	10.97	4	4749	1
304	120.81	130	0	0	-5.7393	9.6258	-5.5669	9.938	4	4105	1
305	98.262	90	0	0	-1.6046	11.05	-0.61243	11.773	4	3719	1
306	39.109	50	0	0	8.8062	7.159	10.583	6.2973	4	4729	1
