trial	targetangle_deg	arcangle_deg	homex_cm	homey_cm	handx_cm	handy_cm	tapx_cm	tapy_cm	block	time_ms	selected
91	103.93	90	0	0	-2.8902	11.648	0.55472	11.801	1	13479	1
92	80.091	50	0	0	2.1355	12.225	5.271	10.683	1	2039	1
93	140.8	130	0	0	-9.4261	7.687	-8.4729	8.6193	1	1839	1
94	108.26	90	0	0	-3.8958	11.81	-0.37424	11.973	1	1939	1
95	75.439	50	0	0	3.0452	11.723	7.6767	10.053	1	1799	1
96	135.85	130	0	0	-8.6461	8.3936	-7.6392	9.1353	1	1739	1
97	103.37	90	0	0	-2.7903	11.74	0.29271	12.002	1	1919	1
98	77.852	50	0	0	2.6238	12.189	7.2242	9.1927	1	1899	1
99	138.22	130	0	0	-9.1083	8.137	-8.7349	7.3293	1	1819	1
100	80.902	50	0	0	1.9741	12.327	6.6525	9.25	1	1859	1
101	103.44	90	0	0	-2.8193	11.8	-0.30278	12.145	1	1839	1
102	134.53	130	0	0	-8.4614	8.6005	-8.4252	9.4507	1	1979	1
103	127.62	130	0	0	-7.4901	9.7194	-7.9012	8.906	1	1800	1
104	104.95	90	0	0	-3.1191	11.679	0.07833	11.973	1	1880	1
105	74.734	50	0	0	3.2511	11.911	6.4381	10.311	1	1859	1
106	106.83	90	0	0	-3.5046	11.587	-0.61243	11.572	1	1977	1
107	137	130	0	0	-9.0846	8.4718	-7.663	9.2213	1	1919	1
108	76.087	50	0	0	2.9331	11.841	7.1765	8.9633	1	1840	1
235	79.731	50	0	0	2.1411	11.818	5.2948	10.941	2	2570	1
236	136.83	130	0	0	-8.87	8.3221	-7.6392	9.7087	2	1959	1
237	100.2	90	0	0	-2.135	11.869	-0.088406	11.973	2	1939	1
238	71.275	50	0	0	3.9385	11.619	8.3199	8.4187	2	2039	1
239	107.44	90	0	0	-3.661	11.657	-0.80299	12.26	2	2119	1
240	135.84	130	0	0	-8.7724	8.5183	-7.6392	9.164	2	1859	1
241	101.77	90	0	0	-2.4702	11.859	-0.54098	11.859	2	1999	1
242	138.98	130	0	0	-9.1401	7.9516	-8.8301	7.6733	2	1979	1
243	63.311	50	0	0	5.4071	10.756	10.202	5.724	2	1979	1
244	88.347	50	0	0	0.3613	12.52	4.8899	10.626	2	1859	1
245	104.16	90	0	0	-2.9437	11.667	0.07833	12.088	2	1959	1
246	138.72	130	0	0	-9.1306	8.0145	-8.3776	8.7627	2	1939	1
247	75.041	50	0	0	3.1151	11.659	6.2237	10.511	2	1940	1
248	106.73	90	0	0	-3.5573	11.832	-0.18368	12.031	2	1899	1
249	138.71	130	0	0	-9.2962	8.1634	-7.4486	8.304	2	1939	1
250	134.18	130	0	0	-8.4944	8.7408	-7.5201	9.3933	2	1980	1
251	98.517	90	0	0	-1.7859	11.926	0.65	11.457	2	1819	1
252	73.129	50	0	0	3.4862	11.496	7.7482	9.3073	2	1980	1
379	109.63	90	0	0	-4.1776	11.712	-2.2083	11.773	3	2259	1
380	78.375	50	0	0	2.4462	11.89	5.4615	10.253	3	1979	1
381	145.86	130	0	0	-10.302	6.9854	-8.4014	8.132	3	1839	1
382	75.412	50	0	0	3.0384	11.675	7.2242	9.2787	3	1959	1
383	143.13	130	0	0	-9.9158	7.4368	-8.4014	7.9027	3	1899	1
384	107.39	90	0	0	-3.6468	11.643	-0.42188	12.461	3	1939	1
385	68.979	50	0	0	4.4704	11.633	8.1769	8.3613	3	1899	1
386	143.85	130	0	0	-9.7576	7.1291	-8.854	6.928	3	1819	1
387	96.441	90	0	0	-1.3662	12.103	0.24507	11.744	3	1779	1
388	104.26	90	0	0	-2.9857	11.75	-0.37424	12.088	3	1939	1
389	140.69	130	0	0	-9.3888	7.6878	-8.0917	8.7913	3	1879	1
390	70.734	50	0	0	4.0169	11.492	8.0578	8.7627	3	1939	1
391	105.12	90	0	0	-3.2195	11.919	-0.30278	11.687	3	1899	1
392	73.262	50	0	0	3.502	11.645	7.6529	8.5333	3	1819	1
393	136.8	130	0	0	-8.898	8.3567	-8.7587	8.304	3	1759	1
394	72.122	50	0	0	3.7325	11.571	7.5338	8.2753	3	1839	1
395	132.88	130	0	0	-8.4215	9.0694	-7.663	8.9633	3	1819	1
396	99.684	90	0	0	-2.021	11.843	-0.27896	11.83	3	2020	1
523	76.762	50	0	0	2.7724	11.785	6.5572	9.336	4	2415	1
524	103.76	90	0	0	-2.916	11.908	-0.68389	11.457	4	1900	1
525	138.13	130	0	0	-9.3265	8.3582	-6.5673	9.3933	4	1880	1
526	134.13	130	0	0	-8.4243	8.6853	-8.2347	8.476	4	1900	1
527	78.594	50	0	0	2.4484	12.136	7.7006	8.82	4	1937	1
528	110.12	90	0	0	-4.1575	11.351	-0.73153	11.629	4	1940	1
529	76.21	50	0	0	2.9226	11.908	7.2242	9.1353	4	1999	1
530	124.83	130	0	0	-7.1369	10.255	-6.1624	10.569	4	1879	1
531	100.48	90	0	0	-2.2112	11.956	-0.46952	12.002	4	2645	1
532	73.761	50	0	0	3.449	11.842	6.7716	9.6513	4	1999	1
533	102.16	90	0	0	-2.5882	12.013	0.0068719	12.317	4	2019	1
534	130.07	130	0	0	-7.7635	9.2295	-7.1628	10.483	4	2039	1
535	76.845	50	0	0	2.7786	11.888	7.6767	9.2213	4	1919	1
536	127.8	130	0	0	-7.4067	9.5497	-6.3529	10.454	4	1999	1
537	93.657	90	0	0	-0.7723	12.083	-0.23132	12.059	4	1957	1
538	70.917	50	0	0	4.0215	11.625	6.9383	9.7087	4	1939	1
539	134.24	130	0	0	-8.4444	8.6724	-6.1624	10.081	4	1979	1
540	92.409	90	0	0	-0.5122	12.177	2.5794	11.371	4	1899	1
