trial	targetangle_deg	arcangle_deg	homex_cm	homey_cm	handx_cm	handy_cm	tapx_cm	tapy_cm	block	time_ms	selected
46	83.504	90	0	0	1.3707	12.038	-2.8038	12.216	1	48082	1
47	130.14	130	0	0	-7.7957	9.2459	-9.4018	8.2027	1	13075	1
48	51.578	50	0	0	7.5129	9.4714	7.2003	7.7153	1	14913	1
49	130.93	130	0	0	-8.014	9.2416	-8.6396	7.228	1	20501	1
50	85.444	90	0	0	0.9627	12.082	-0.82681	12.732	1	6955	1
51	51.126	50	0	0	7.5422	9.356	6.2237	9.722	1	8806	1
52	88.477	90	0	0	0.3283	12.345	-1.3747	11.987	1	12218	1
53	49.032	50	0	0	8.0046	9.2186	6.4619	8.69	1	9799	1
54	117.29	130	0	0	-5.568	10.792	-8.3776	10.066	1	5489	1
55	113.5	130	0	0	-4.8004	11.041	-7.9488	10.152	1	6469	1
56	65.85	50	0	0	4.9234	10.981	2.9605	12.015	1	6849	1
57	86.245	90	0	0	0.8053	12.271	-1.4223	12.245	1	5369	1
58	83.997	90	0	0	1.2739	12.114	-1.6605	12.101	1	9165	1
59	55.975	50	0	0	7.0868	10.497	5.6759	9.1487	1	8480	1
60	123.13	130	0	0	-6.6835	10.241	-7.5915	10.353	1	4674	1
61	84.875	90	0	0	1.0929	12.185	-2.3751	12.159	1	12870	1
62	129.44	130	0	0	-7.7276	9.3937	-8.3299	9.4067	1	8389	1
63	79.227	50	0	0	2.3474	12.337	2.9843	11.757	1	10076	1
118	132.86	130	0	0	-8.2915	8.9345	-9.3542	7.3427	2	5101	1
119	54.85	50	0	0	6.9342	9.8481	5.533	9.0913	2	12306	1
120	95.52	90	0	0	-1.1717	12.125	-1.6843	11.155	2	8288	1
121	46.989	50	0	0	8.2584	8.8527	5.009	9.98	2	12312	1
122	80.134	90	0	0	2.0712	11.909	-0.39806	10.095	2	6181	1
123	118.72	130	0	0	-5.8396	10.658	-7.7106	8.776	2	5587	1
124	127.91	130	0	0	-7.4725	9.595	-9.8544	8.002	2	12721	1
125	83.559	90	0	0	1.3589	12.038	-1.0888	10.983	2	8570	1
126	44.556	50	0	0	8.6216	8.4889	6.581	8.3173	2	7666	1
127	133.69	130	0	0	-8.416	8.8111	-8.9016	8.002	2	8297	1
128	86.148	90	0	0	0.8286	12.307	-0.61243	10.897	2	7940	1
129	46.075	50	0	0	8.3807	8.7013	6.0094	8.948	2	6398	1
130	91.782	90	0	0	-0.3783	12.157	-1.994	10.41	2	6665	1
131	44.955	50	0	0	8.6265	8.613	5.8188	9.3493	2	5607	1
132	129.74	130	0	0	-7.7744	9.3525	-10.093	6.6833	2	4377	1
133	88.382	90	0	0	0.3418	12.098	-1.3747	11.213	2	4945	1
134	47.194	50	0	0	8.1882	8.8407	6.1285	8.8907	2	4471	1
135	115.18	130	0	0	-5.1557	10.968	-9.3304	8.5467	2	5203	1
190	52.927	50	0	0	7.2697	9.6218	7.1527	8.4893	3	5964	1
191	121.59	130	0	0	-6.3203	10.276	-10.021	7.2567	3	6133	1
192	88.706	90	0	0	0.272	12.046	0.26889	10.84	3	5197	1
193	48.329	50	0	0	8.0184	9.0087	8.2484	6.5113	3	3528	1
194	115.79	130	0	0	-5.318	11.004	-9.3304	6.6833	3	4568	1
195	83.572	90	0	0	1.3543	12.022	-1.3985	11.872	3	3800	1
196	46.614	50	0	0	8.2593	8.7383	7.7006	7.4	3	4866	1
197	86.712	90	0	0	0.6919	12.043	-1.7796	11.385	3	5080	1
198	132.92	130	0	0	-8.1754	8.7926	-9.4733	7.6867	3	6634	1
199	119.3	130	0	0	-5.9074	10.528	-5.7813	10.582	3	5244	1
200	40.683	50	0	0	9.2462	7.9481	8.5104	5.7373	3	3667	1
201	88.057	90	0	0	0.4103	12.095	-2.6847	11.27	3	4785	1
202	84.573	90	0	0	1.1426	12.027	-1.6605	11.098	3	4095	1
203	132.04	130	0	0	-8.039	8.915	-9.5685	6.3967	3	5416	1
204	38.133	50	0	0	9.5377	7.4873	9.225	5.7947	3	5200	1
205	56.435	50	0	0	6.6837	10.073	3.818	10.353	3	5130	1
206	111.05	130	0	0	-4.3128	11.204	-5.6145	10.697	3	5129	1
207	83.21	90	0	0	1.4277	11.991	-1.3032	11.241	3	4826	1
262	139.8	130	0	0	-9.2112	7.7845	-9.7829	6.7693	4	5909	1
263	92.88	90	0	0	-0.6044	12.016	-1.5176	12.044	4	4625	1
264	63.359	50	0	0	5.4974	10.958	3.5083	10.181	4	4375	1
265	101.83	130	0	0	-2.5152	12.013	-4.5188	10.611	4	4728	1
266	58.266	50	0	0	6.3991	10.347	2.6985	10.439	4	4295	1
267	86.534	90	0	0	0.7284	12.027	-1.327	11.127	4	3727	1
268	87.802	90	0	0	0.4621	12.041	-0.89827	11.069	4	5279	1
269	45.591	50	0	0	8.4229	8.5986	2.9367	10.353	4	4634	1
270	126.26	130	0	0	-7.1063	9.688	-8.9492	7.7153	4	4230	1
271	39.059	50	0	0	9.4646	7.6804	5.9617	7.658	4	3970	1
272	91.564	130	0	0	-0.33	12.088	-3.8757	11.413	4	4802	1
273	90.121	90	0	0	-0.0257	12.12	-2.3751	11.098	4	3932	1
274	45.122	50	0	0	8.4731	8.5094	5.5568	8.8907	4	2804	1
275	58.771	90	0	0	6.2738	10.347	2.9843	11.241	4	3606	1
276	98.438	130	0	0	-1.7709	11.938	-3.8042	10.324	4	3669	1
277	38.563	50	0	0	9.4061	7.4988	3.9133	9.8367	4	3370	1
278	84.752	90	0	0	1.1099	12.085	-3.1135	11.27	4	4092	1
279	144.67	130	0	0	-9.9454	7.0485	-9.5209	6.11	4	3492	1
