-0.002999
0.035979
-0.084148
0.001531
-0.043038
0.028094
-0.053049
0.025344
0.098779
-0.009839
-0.022322
0.034436
0.094287
-0.006023
-0.081408
0.003688
0.036299
0.033002
0.021697
0.034834
-0.100976
-0.018518
0.051156
0.024196
-0.098229
-0.010528
0.026245
0.032783
-0.046745
0.025863
0.072168
0.011095
-0.061749
0.018060
-0.086227
0.003290
-0.030596
0.033306
0.099559
-0.014710
-0.104289
-0.023403
0.038129
0.029956
-0.035513
0.029704
-0.093240
-0.007392
0.070496
0.014773
-0.004267
0.034984
-0.094508
-0.008155
0.052177
0.024089
-0.025467
0.034203
0.038189
0.029960
0.083188
0.004163
-0.054188
0.023462
-0.097770
-0.013288
-0.008349
0.035608
0.011395
0.034590
0.090971
-0.005605
-0.035611
0.032543
-0.100229
-0.016894
0.028039
0.032797
0.045542
0.026862
-0.094115
-0.010399
-0.042139
0.028353
0.040078
0.028152
-0.004327
0.036635
-0.045035
0.029134
0.033423
0.031647
-0.008409
0.035091
0.039207
0.028417
-0.045345
0.027969
-0.034668
0.030074
-0.053448
0.023271
-0.037965
0.029592
0.031042
0.031040
0.101457
-0.020596
-0.107127
-0.026714
0.017509
0.034701
0.001196
0.035909
-0.109197
-0.034115
-0.011737
0.034596
-0.063203
0.018426
0.027666
0.033781
0.019815
0.034318
0.036501
0.031434
0.010274
0.034570
-0.050608
0.024279
-0.117396
-0.051865
0.035693
0.031613
0.004590
0.036605
0.025422
0.032942
-0.003141
0.036207
-0.037812
0.029390
