0.060677
0.019921
-0.102229
-0.022116
0.009299
0.035136
-0.029711
0.031876
-0.009402
0.035720
0.081633
0.004244
0.006909
0.035234
0.101027
-0.017762
-0.044757
0.026357
0.051278
0.023823
-0.048352
0.026305
-0.016432
0.033896
0.031122
0.032203
-0.036584
0.029606
0.073996
0.010803
-0.042103
0.028318
0.072639
0.012874
0.033505
0.030557
0.010134
0.035344
0.098548
-0.014379
-0.041015
0.028502
-0.096543
-0.012259
0.033413
0.030970
0.025080
0.032670
0.038341
0.029262
-0.042053
0.029246
0.052039
0.023758
0.023304
0.033988
-0.056335
0.021105
0.005280
0.036319
-0.095511
-0.011199
-0.017927
0.033744
0.088008
-0.003070
-0.076993
0.007530
0.011706
0.034531
0.094339
-0.010124
-0.075063
0.010739
0.010368
0.036157
0.017800
0.035712
-0.042523
0.028186
0.035128
0.030582
0.114375
-0.044447
0.044069
0.026980
0.028122
0.032092
-0.058034
0.020497
-0.010745
0.035160
0.028826
0.032769
0.090151
-0.005626
-0.000453
0.035293
0.040437
0.028272
-0.074891
0.009279
0.090437
-0.006106
0.007841
0.036573
-0.072209
0.011382
0.091164
-0.004997
-0.044237
0.026608
-0.000068
0.036393
-0.039396
0.029360
-0.013976
0.035581
0.078835
0.006195
-0.004479
0.036150
-0.089099
-0.003996
0.033647
0.030790
-0.031069
0.030977
0.025722
0.033148
0.053163
0.023343
-0.023293
0.034020
0.072560
0.011861
-0.032305
0.031781
-0.029973
0.032179
-0.003307
0.035787
0.038737
0.029158
