trial	targetangle_deg	arcangle_deg	homex_cm	homey_cm	handx_cm	handy_cm	tapx_cm	tapy_cm	block	time_ms	selected
91	87.247	50	0	0	0.5872	12.213	4.1843	12.341	1	4422	1
92	163.67	130	0	0	-11.722	3.4341	-5.6769	9.5887	1	3004	1
93	146.45	90	0	0	-10.092	6.6922	-3.6285	11.108	1	2849	1
94	82.194	90	0	0	1.649	12.029	3.827	10.477	1	3029	1
95	173.78	130	0	0	-12.099	1.3191	-9.0593	5.9193	1	3009	1
96	66.026	50	0	0	4.8815	10.977	8.2574	7.3813	1	3159	1
97	88.7	50	0	0	0.2768	12.195	4.5178	9.3593	1	3069	1
98	93.248	90	0	0	-0.6832	12.04	2.6122	9.474	1	3229	1
99	155.01	130	0	0	-11.027	5.1407	-6.2486	9.1013	1	2929	1
100	95.412	90	0	0	-1.1358	11.988	4.0652	9.646	1	3157	1
101	174.71	130	0	0	-12.029	1.1145	-10.298	5.7473	1	3231	1
102	68.347	50	0	0	4.4427	11.191	7.6858	7.9833	1	3227	1
103	147.3	130	0	0	-10.143	6.5116	-4.5336	9.5887	1	3049	1
104	68.033	50	0	0	4.5681	11.325	7.781	8.5853	1	3159	1
105	122.19	90	0	0	-6.4813	10.296	-1.7944	11.882	1	2789	1
106	52.181	50	0	0	7.4266	9.5677	9.496	7.0087	1	3349	1
107	137.76	130	0	0	-9.0985	8.2614	-5.7722	11.194	1	2889	1
108	111.96	90	0	0	-4.506	11.176	0.30173	11.853	1	2890	1
235	148.18	130	0	0	-10.322	6.4047	-5.1529	10.735	2	6020	1
236	66.732	50	0	0	4.8229	11.216	6.0422	10.621	2	3690	1
237	109.33	90	0	0	-4.0041	11.418	-0.46049	10.707	2	3306	1
238	176.09	130	0	0	-11.992	0.8207	-9.4881	6.5213	2	3629	1
239	35.393	50	0	0	9.8605	7.0057	9.1626	6.464	2	4236	1
240	81.231	90	0	0	1.8474	11.976	3.8508	11.567	2	3798	1
241	154.34	130	0	0	-10.909	5.2411	-7.1061	9.7033	2	3592	1
242	144.44	90	0	0	-9.7632	6.9794	-5.01	10.449	2	3269	1
243	29.946	50	0	0	10.431	6.0089	10.211	5.432	2	3568	1
244	165.93	130	0	0	-11.76	2.9477	-8.6306	7.8113	2	3410	1
245	81.843	90	0	0	1.7208	12.005	2.1835	10.649	2	3189	1
246	63.407	50	0	0	5.387	10.761	6.4948	8.528	2	3888	1
247	135.61	130	0	0	-8.7051	8.5216	-3.6999	11.595	2	3757	1
248	89.803	50	0	0	0.0413	12	2.8266	11.251	2	3631	1
249	138.72	90	0	0	-9.1712	8.0508	-4.2954	11.051	2	3755	1
250	39.604	50	0	0	9.2892	7.6858	8.8053	7.6967	2	4007	1
251	172.46	130	0	0	-12.017	1.591	-9.8454	6.9513	2	3471	1
252	79.26	90	0	0	2.2601	11.916	2.5408	10.42	2	3491	1
379	140.02	90	0	0	-9.269	7.7713	-5.1053	10.735	3	3630	1
380	164.7	130	0	0	-11.807	3.2294	-7.6778	8.4707	3	3226	1
381	33.359	50	0	0	10.045	6.6134	9.5437	5.9767	3	3184	1
382	88.052	50	0	0	0.413	12.144	2.9695	11.509	3	3149	1
383	171.28	130	0	0	-11.991	1.8388	-8.9164	8.1553	3	3409	1
384	80.669	90	0	0	1.9572	11.912	2.6837	10.477	3	3589	1
385	95.437	50	0	0	-1.1403	11.982	3.2315	11.595	3	3278	1
386	147.16	130	0	0	-10.136	6.5434	-5.7008	10.563	3	3224	1
387	98.085	90	0	0	-1.6923	11.913	1.064	10.621	3	3702	1
388	46.038	50	0	0	8.4376	8.7489	8.972	6.8653	3	3612	1
389	83.961	90	0	0	1.2819	12.117	2.3502	11.251	3	3159	1
390	180.25	130	0	0	-12.272	-0.0546	-10.631	5.8047	3	2974	1
391	136.18	130	0	0	-8.7241	8.3732	-3.819	11.051	3	3326	1
392	73.328	50	0	0	3.5067	11.709	3.8747	11.567	3	3120	1
393	93.124	90	0	0	-0.659	12.075	-0.1032	11.481	3	3275	1
394	138.6	90	0	0	-9.1039	8.0261	-3.819	11.395	3	3290	1
395	34.746	50	0	0	9.9338	6.8904	8.7576	7.152	3	3271	1
396	133.2	130	0	0	-8.2375	8.7726	-2.771	11.051	3	3518	1
523	131.16	90	0	0	-7.9348	9.0761	-5.8675	11.251	4	6775	1
524	138.78	130	0	0	-9.2169	8.0756	-4.5574	11.165	4	3209	1
525	60.681	50	0	0	5.9278	10.555	7.0903	8.5567	4	2950	1
526	138.41	90	0	0	-9.0858	8.0634	-4.9147	11.653	4	2729	1
527	54.562	50	0	0	6.9759	9.8024	8.1383	7.9833	4	3098	1
528	132.15	130	0	0	-8.0974	8.9471	-3.9858	11.223	4	2937	1
529	33.091	50	0	0	10.209	6.6532	10.211	4.572	4	3230	1
530	85.008	90	0	0	1.0707	12.259	3.4697	10.707	4	3179	1
531	176	130	0	0	-12.197	0.8522	-10.56	6.9227	4	2970	1
532	136.27	130	0	0	-8.789	8.4065	-4.3907	11.423	4	3109	1
533	57.321	50	0	0	6.5848	10.265	8.3051	8.1553	4	3029	1
534	80.54	90	0	0	2.0115	12.072	2.9457	10.993	4	2841	1
535	131.67	130	0	0	-8.0294	9.0225	-3.9143	11.624	4	2549	1
536	107.04	90	0	0	-3.5297	11.514	-0.9607	11.051	4	2770	1
537	92.213	50	0	0	-0.4652	12.037	2.9695	10.879	4	3055	1
538	34.551	50	0	0	10.122	6.9698	9.8533	6.0627	4	3319	1
539	76.363	90	0	0	2.8592	11.786	4.0176	10.535	4	2793	1
540	136.4	130	0	0	-8.8971	8.4736	-4.3192	11.309	4	2869	1
