Trial#	TargetAngle	ArcAngle	XHomePosition(m)	YHomePosition(m)	XTarget(m)	YTarget(m)	XTouch	YTouch	Block#	Time(ms)
91	68.1821088608	50	0.0	-0.085	0.044865	0.027069	492	797	1	4581
92	143.307861059	130	0.0	-0.085	-0.096870	-0.012816	1126	677	1	2659
93	96.8450660826	90	0.0	-0.085	-0.014550	0.036209	718	847	1	3665
94	65.1856266061	50	0.0	-0.085	0.050555	0.024339	511	818	1	2775
95	104.197104899	90	0.0	-0.085	-0.030128	0.034090	855	831	1	2799
96	136.605795969	130	0.0	-0.085	-0.087681	-0.002101	1110	660	1	2656
97	56.7717912108	50	0.0	-0.085	0.066970	0.017231	445	787	1	2545
98	134.198481087	130	0.0	-0.085	-0.085280	0.002700	1102	691	1	2679
99	81.9686315359	90	0.0	-0.085	0.017245	0.037219	663	852	1	2649
100	141.094546808	130	0.0	-0.085	-0.094452	-0.008772	1110	713	1	2633
101	64.8408091346	50	0.0	-0.085	0.051138	0.023875	495	786	1	2853
102	116.270978083	90	0.0	-0.085	-0.053492	0.023371	882	802	1	2640
103	106.24682268	90	0.0	-0.085	-0.034355	0.032891	875	835	1	2609
104	114.856405856	130	0.0	-0.085	-0.050733	0.024513	915	813	1	2441
105	77.8125531256	50	0.0	-0.085	0.025593	0.033498	560	815	1	2523
106	73.3064137746	50	0.0	-0.085	0.035106	0.032062	521	807	1	2637
107	139.890962141	130	0.0	-0.085	-0.093738	-0.006040	1107	657	1	2248
108	107.942907638	90	0.0	-0.085	-0.037504	0.030818	895	829	1	2202
235	61.5746829273	50	0.0	-0.085	0.057361	0.020975	517	796	2	3820
236	135.91085356	130	0.0	-0.085	-0.087157	-0.000571	1097	710	2	2610
237	97.5856228984	90	0.0	-0.085	-0.016013	0.035242	822	836	2	2402
238	113.594391174	130	0.0	-0.085	-0.048943	0.027056	925	779	2	2556
239	94.1239581876	90	0.0	-0.085	-0.008652	0.034998	823	843	2	2600
240	65.4363209171	50	0.0	-0.085	0.050332	0.025119	494	794	2	2858
241	101.194337252	90	0.0	-0.085	-0.023344	0.032957	862	827	2	2392
242	107.879853331	130	0.0	-0.085	-0.037350	0.030777	947	786	2	3468
243	63.9075198005	50	0.0	-0.085	0.053968	0.025199	558	815	2	2489
244	80.3088916468	90	0.0	-0.085	0.020674	0.036061	663	832	2	2632
245	68.3603142434	50	0.0	-0.085	0.044567	0.027336	524	780	2	2812
246	104.8647645	130	0.0	-0.085	-0.031351	0.033118	884	798	2	2689
247	98.3887081934	90	0.0	-0.085	-0.017777	0.035550	808	845	2	2521
248	113.506941734	130	0.0	-0.085	-0.048084	0.025549	886	845	2	2449
249	72.2770055107	50	0.0	-0.085	0.036784	0.030100	578	808	2	2406
250	110.431172152	130	0.0	-0.085	-0.042817	0.029940	922	813	2	2489
251	91.7443790411	90	0.0	-0.085	-0.003721	0.037182	731	841	2	2592
252	66.1650437577	50	0.0	-0.085	0.049070	0.026073	555	807	2	2836
379	150.144172054	130	0.0	-0.085	-0.107385	-0.023361	1092	677	3	3845
380	105.874004343	90	0.0	-0.085	-0.032897	0.030685	791	851	3	3414
381	59.3754692394	50	0.0	-0.085	0.061163	0.018320	490	784	3	3030
382	63.2170871555	50	0.0	-0.085	0.054588	0.023146	472	781	3	3090
383	118.315694747	130	0.0	-0.085	-0.056924	0.020650	938	822	3	2681
384	90.0117933316	90	0.0	-0.085	-0.000025	0.036458	730	845	3	2572
385	118.695573187	130	0.0	-0.085	-0.057732	0.020469	935	801	3	2581
386	76.6348761372	50	0.0	-0.085	0.028173	0.033578	575	844	3	2681
387	90.2885067961	90	0.0	-0.085	-0.000616	0.037333	678	828	3	2604
388	91.3315876539	90	0.0	-0.085	-0.002840	0.037178	694	861	3	2542
389	76.1547436774	50	0.0	-0.085	0.028851	0.032061	577	824	3	2561
390	107.498522018	130	0.0	-0.085	-0.036764	0.031611	889	833	3	2375
391	84.9278950693	90	0.0	-0.085	0.010685	0.035385	610	846	3	2542
392	113.13636284	130	0.0	-0.085	-0.047504	0.026176	901	829	3	2404
393	80.5076846467	50	0.0	-0.085	0.020147	0.035493	579	823	3	2534
394	108.007782755	130	0.0	-0.085	-0.037332	0.029843	906	863	3	2415
395	78.6433431117	90	0.0	-0.085	0.023962	0.034304	593	845	3	3318
396	71.5273537479	50	0.0	-0.085	0.038529	0.030334	594	832	3	3640
523	140.904174417	130	0.0	-0.085	-0.093223	-0.009251	1091	656	4	3454
524	94.3215438699	90	0.0	-0.085	-0.009115	0.035619	726	823	4	2909
525	69.0802551881	50	0.0	-0.085	0.043715	0.029360	511	810	4	2841
526	77.6955581866	50	0.0	-0.085	0.025671	0.032694	563	849	4	2715
527	77.6005024345	90	0.0	-0.085	0.026243	0.034365	611	813	4	2592
528	109.330494377	130	0.0	-0.085	-0.040318	0.029934	923	805	4	2644
529	72.8253747098	50	0.0	-0.085	0.035865	0.031043	586	843	4	2606
530	79.6695327774	90	0.0	-0.085	0.021880	0.035035	630	836	4	2456
531	112.265672903	130	0.0	-0.085	-0.045970	0.027278	903	844	4	2480
532	100.085035361	90	0.0	-0.085	-0.021074	0.033488	812	841	4	2329
533	80.2996040559	50	0.0	-0.085	0.020333	0.033948	578	836	4	2642
534	108.101922742	130	0.0	-0.085	-0.037663	0.030217	891	829	4	2732
535	100.112725867	90	0.0	-0.085	-0.021348	0.034693	778	817	4	3684
536	111.381351232	130	0.0	-0.085	-0.044223	0.027952	913	802	4	2550
537	69.9241463159	50	0.0	-0.085	0.041289	0.027975	585	813	4	2554
538	95.3075468062	90	0.0	-0.085	-0.011275	0.036367	716	846	4	2430
539	78.4069736911	50	0.0	-0.085	0.024472	0.034292	577	803	4	2610
540	109.883308593	130	0.0	-0.085	-0.041372	0.029393	890	811	4	2329
