trial	targetangle_deg	arcangle_deg	homex_cm	homey_cm	handx_cm	handy_cm	tapx_cm	tapy_cm	block	time_ms	selected
46	138.65	130	0	0	-9.0924	8.0031	-9.499	8.5373	1	10683	1
47	63.438	90	0	0	5.4343	10.87	4.1257	12.035	1	7853	1
48	32.701	50	0	0	10.106	6.4881	9.4612	7.7633	1	4420	1
49	69.152	90	0	0	4.3358	11.385	2.6251	12.264	1	5667	1
50	26.436	50	0	0	10.887	5.4129	3.816	4.5527	1	3968	0
51	138.15	130	0	0	-9.0666	8.122	-8.5939	9.2827	1	3617	1
52	106.66	90	0	0	-3.4642	11.575	-4.6399	11.834	1	3328	1
53	60.26	50	0	0	6.0246	10.545	3.4587	13.038	1	5430	1
54	139.87	130	0	0	-9.3509	7.8836	-10.642	7.4193	1	3693	1
55	18.311	50	0	0	11.456	3.7912	10.485	6.1867	1	3378	1
56	120.39	130	0	0	-6.1061	10.413	-8.1413	10.429	1	3447	1
57	59.865	90	0	0	6.1056	10.518	5.0547	11.805	1	3066	1
58	86.731	90	0	0	0.6881	12.046	-6.1881	9.1393	1	2950	0
59	144.77	130	0	0	-9.8695	6.971	-13.143	-1.496	1	3229	0
60	60.729	50	0	0	5.9098	10.544	1.9581	12.207	1	8288	1
61	121.58	130	0	0	-6.3965	10.404	-8.451	9.856	1	3800	1
62	25.714	50	0	0	10.853	5.2263	9.9376	6.7887	1	3115	1
63	61.834	90	0	0	5.7427	10.725	4.2448	11.949	1	4165	1
118	45.783	50	0	0	8.3931	8.6256	7.3175	10.028	2	5070	1
119	137.73	130	0	0	-8.9506	8.1366	-10.69	6.3587	2	5249	1
120	89.294	90	0	0	0.148	12.01	-2.0197	12.809	2	4034	1
121	124.01	130	0	0	-6.7485	10.001	-8.7606	8.308	2	3342	1
122	89.194	90	0	0	0.1699	12.078	-0.92403	12.407	2	3316	1
123	31.935	50	0	0	10.235	6.3796	9.9376	6.674	2	3309	1
124	34.341	50	0	0	10.043	6.8618	9.5089	7.3047	2	3180	1
125	137.42	130	0	0	-8.8853	8.1645	-10.976	6.4733	2	3578	1
126	84.279	90	0	0	1.2057	12.035	0.64805	12.723	2	5176	1
127	40.571	50	0	0	9.2429	7.9141	8.3179	8.738	2	4184	1
128	108.51	90	0	0	-3.8207	11.412	-4.7828	11.977	2	3942	1
129	134.48	130	0	0	-8.4805	8.637	-10.452	6.9607	2	3932	1
130	129.25	130	0	0	-7.6482	9.3623	-9.6658	9.3973	2	3796	1
131	85.642	90	0	0	0.9229	12.111	-1.3528	13.009	2	3664	1
132	32.156	50	0	0	10.283	6.4643	9.1278	8.4513	2	3286	1
133	36.412	50	0	0	9.7806	7.214	8.6037	9.0247	2	3384	1
134	136.92	130	0	0	-8.8297	8.2583	-9.9278	8.05	2	4551	1
135	93.193	90	0	0	-0.6699	12.007	-1.4242	12.981	2	3155	1
190	122.56	130	0	0	-6.4947	10.171	-8.3557	9.7987	3	4204	1
191	34.077	50	0	0	10.041	6.7924	9.1278	7.964	3	3085	1
192	89.085	90	0	0	0.192	12.023	-1.7101	13.038	3	3503	1
193	142.75	130	0	0	-9.6373	7.329	-10.761	6.5593	3	5533	1
194	46.713	50	0	0	8.2767	8.7869	8.2465	8.136	3	3301	1
195	86.523	90	0	0	0.7285	11.992	-1.1622	13.21	3	4131	1
196	84.548	90	0	0	1.1489	12.037	-1.1622	13.038	3	3539	1
197	29.613	50	0	0	10.561	6.0025	9.6756	6.7887	3	3177	1
198	134.29	130	0	0	-8.3943	8.6041	-10.499	7.8207	3	3218	1
199	135.74	130	0	0	-8.6017	8.3815	-9.7849	8.48	3	3224	1
200	87.802	90	0	0	0.4665	12.154	-1.329	12.35	3	2710	1
201	57.559	50	0	0	6.4925	10.214	5.4119	11.089	3	2890	1
202	69.877	50	0	0	4.1831	11.417	3.7446	12.321	3	3250	1
203	139.13	130	0	0	-9.1526	7.9197	-10.785	6.8173	3	2969	1
204	84.173	90	0	0	1.2302	12.055	-0.78111	11.949	3	3034	1
205	87.862	90	0	0	0.4476	11.992	-0.92403	13.296	3	3198	1
206	29.591	50	0	0	10.509	5.9679	10.319	6.4447	3	3072	1
207	137.24	130	0	0	-8.8433	8.1772	-10.047	7.2187	3	4852	1
262	53.32	50	0	0	7.2489	9.7323	7.2937	10.745	4	3954	1
263	124.34	130	0	0	-6.851	10.028	-8.9274	9.1393	4	3365	1
264	79.328	90	0	0	2.2465	11.921	-0.94785	13.411	4	2983	1
265	127.21	130	0	0	-7.2779	9.5851	-8.9512	9.3973	4	4383	1
266	78.869	90	0	0	2.3515	11.951	1.5056	13.009	4	2973	1
267	51.435	50	0	0	7.5996	9.5317	6.46	11.289	4	3205	1
268	87.717	90	0	0	0.4809	12.06	-1.6863	12.723	4	3351	1
269	135.42	130	0	0	-8.5816	8.4559	-9.6419	10.085	4	3435	1
270	48.603	50	0	0	8.0182	9.0957	6.1027	10.802	4	3136	1
271	86.404	90	0	0	0.7557	12.024	-1.9959	12.809	4	3576	1
272	133.85	130	0	0	-8.4272	8.7723	-10.071	6.502	4	3832	1
273	57.445	50	0	0	6.5838	10.313	5.4596	11.777	4	3196	1
274	130.07	130	0	0	-7.7566	9.2225	-9.761	8.394	4	3648	1
275	62.362	50	0	0	5.6535	10.797	5.1499	11.719	4	3376	1
276	93.14	90	0	0	-0.6634	12.094	-3.2107	12.981	4	3632	1
277	60.835	50	0	0	5.9407	10.645	5.0308	11.289	4	3452	1
278	113.37	130	0	0	-4.7851	11.075	-5.5212	12.092	4	3460	1
279	80.416	90	0	0	2.0247	11.991	0.48132	12.751	4	3724	1
