trial	targetangle_deg	arcangle_deg	homex_cm	homey_cm	handx_cm	handy_cm	tapx_cm	tapy_cm	block	time_ms	selected
73	76.716	50	0	0	2.6169	11.084	0.34034	12.796	1	3625	1
74	99.685	130	0	0	-1.9349	11.338	-2.8038	12.108	1	3175	1
75	76.965	90	0	0	2.5604	11.06	1.0787	12.71	1	3695	1
76	83.722	90	0	0	1.2588	11.443	0.24507	12.796	1	3887	1
77	40.276	50	0	0	8.8268	7.4794	8.6772	8.324	1	3545	1
78	157.37	130	0	0	-10.596	4.4164	-10.45	5.6007	1	3719	1
79	96.1	90	0	0	-1.2086	11.31	-2.1607	13.054	1	3185	1
80	62.793	130	0	0	5.3626	10.431	4.0562	12.251	1	2567	1
81	66.565	50	0	0	4.6469	10.721	2.0315	12.681	1	2777	1
82	40.802	90	0	0	8.7015	7.5114	7.8435	7.5213	1	4167	1
83	151.87	130	0	0	-9.9872	5.3394	-11.26	6.69	1	4335	1
84	101.7	50	0	0	-2.2917	11.065	-3.566	12.997	1	3935	1
85	23.167	90	0	0	10.46	4.4762	9.4394	5.8873	1	4575	1
86	15.398	50	0	0	10.923	3.0083	10.487	2.8487	1	5376	1
87	87.649	130	0	0	0.469	11.425	-0.63625	12.796	1	4136	1
88	115.72	90	0	0	-4.9237	10.222	-5.8527	11.391	1	2528	1
89	104.05	130	0	0	-2.7174	10.856	-3.3279	13.111	1	3928	1
90	112.79	50	0	0	-4.3332	10.311	-5.4954	12.165	1	4064	1
145	61.69	130	0	0	5.5528	10.308	2.2697	12.767	2	2900	1
146	39.316	50	0	0	8.7908	7.1992	7.4624	9.1553	2	2658	1
147	43.952	90	0	0	8.1071	7.8158	4.5087	11.42	2	2384	1
148	58.875	90	0	0	5.8247	9.6461	3.9133	10.99	2	3990	1
149	129.8	130	0	0	-7.2316	8.6804	-7.5439	10.474	2	2354	1
150	68.867	50	0	0	4.1312	10.688	0.98347	13.111	2	2549	1
151	57.912	90	0	0	6.1059	9.7382	2.6508	12.28	2	2762	1
152	110.22	130	0	0	-3.888	10.558	-5.2096	12.194	2	2884	1
153	48.762	50	0	0	7.4346	8.481	5.5092	10.302	2	2229	1
154	123.42	130	0	0	-6.1581	9.3331	-6.4006	10.789	2	2306	1
155	97.755	90	0	0	-1.5233	11.186	-2.8753	13.025	2	2450	1
156	63.706	50	0	0	4.9306	9.9791	2.5079	11.735	2	4096	1
157	32.662	50	0	0	9.4298	6.0451	9.2965	7.12	2	2590	1
158	107.47	130	0	0	-3.3466	10.635	-3.8281	12.194	2	3709	1
159	75.301	90	0	0	2.9078	11.085	1.4122	11.879	2	2777	1
160	74.945	90	0	0	2.9371	10.92	2.6508	11.42	2	2601	1
161	51.909	50	0	0	7.0722	9.0223	4.7469	10.646	2	3347	1
162	137.5	130	0	0	-8.2166	7.5281	-8.3299	9.9007	2	2509	1
217	97.396	130	0	0	-1.4885	11.467	-1.0888	11.821	3	2971	1
218	69.668	90	0	0	4.0685	10.98	0.48326	11.879	3	2369	1
219	48.676	50	0	0	7.556	8.5937	5.3662	10.531	3	2189	1
220	89.663	90	0	0	0.0669	11.375	-0.82681	12.395	3	2229	1
221	56.988	50	0	0	6.207	9.5536	4.2229	10.445	3	2249	1
222	129.49	130	0	0	-7.1193	8.6401	-7.6154	10.273	3	2250	1
223	97.176	130	0	0	-1.4056	11.164	-3.8519	11.047	3	3123	1
224	42.299	50	0	0	8.3059	7.5575	5.6997	10.187	3	3605	1
225	86.126	90	0	0	0.7635	11.274	-0.73153	12.079	3	2330	1
226	55.279	50	0	0	6.4949	9.3726	4.604	9.9867	3	2349	1
227	130.62	130	0	0	-7.2817	8.4884	-7.8059	10.159	3	2587	1
228	108.75	90	0	0	-3.6329	10.701	-5.3049	10.503	3	4225	1
229	97.555	130	0	0	-1.4719	11.098	-4.0424	11.535	3	2369	1
230	41.045	50	0	0	8.4707	7.3752	6.5572	8.84	3	2449	1
231	75.241	90	0	0	2.9041	11.024	0.60236	11.965	3	2449	1
232	48.262	50	0	0	7.7171	8.6498	5.6997	10.732	3	2329	1
233	122.49	130	0	0	-5.9816	9.3945	-5.6622	10.13	3	2349	1
234	99.635	90	0	0	-1.905	11.222	-2.7324	11.965	3	4059	1
289	68.026	90	0	0	4.3731	10.838	0.86437	11.535	4	2737	1
290	54.254	50	0	0	6.65	9.2387	6.2952	9.8433	4	2170	1
291	112.58	130	0	0	-4.2883	10.311	-4.757	11.191	4	2230	1
292	55.881	50	0	0	6.4648	9.5415	3.6989	11.133	4	2330	1
293	99.493	90	0	0	-1.8323	10.958	-2.6371	12.28	4	2410	1
294	132.47	130	0	0	-7.6085	8.3133	-7.6392	10.646	4	2787	1
295	88.798	130	0	0	0.2363	11.267	-1.9225	12.079	4	2249	1
296	67.598	90	0	0	4.2841	10.393	2.5794	11.678	4	2332	1
297	42.237	50	0	0	8.6159	7.8227	7.1765	9.1553	4	2369	1
298	125.64	130	0	0	-6.5174	9.0912	-6.0194	11.105	4	2369	1
299	90.285	90	0	0	-0.0562	11.292	-1.851	11.821	4	2729	1
300	69.369	50	0	0	4.0727	10.818	0.98347	11.506	4	2369	1
301	48.341	50	0	0	7.5244	8.4575	5.7474	8.7827	4	2189	1
302	107.39	130	0	0	-3.3333	10.644	-6.0909	10.818	4	2349	1
303	80.675	90	0	0	1.8391	11.201	-0.23132	12.538	4	2249	1
304	124.88	130	0	0	-6.3567	9.1187	-8.2347	10.503	4	2329	1
305	59.912	50	0	0	5.6105	9.6833	3.818	10.388	4	2737	1
306	114.02	90	0	0	-4.5506	10.213	-5.1381	11.047	4	2309	1
