trial	targetangle_deg	arcangle_deg	homex_cm	homey_cm	handx_cm	handy_cm	tapx_cm	tapy_cm	block	time_ms	selected
46	128.04	130	0	0	-7.3988	9.4581	-5.5813	9.2893	1	7914	1
47	40.778	50	0	0	9.1838	7.921	5.2804	8.9167	1	6934	1
48	83.588	90	0	0	1.3405	11.928	-0.2457	12.041	1	6783	1
49	143.66	130	0	0	-9.7117	7.1435	-9.3924	6.136	1	7252	1
50	36.266	50	0	0	9.7482	7.1519	8.5913	5.964	1	7044	1
51	77.591	90	0	0	2.5798	11.725	1.8028	11.181	1	9190	1
52	60.056	50	0	0	5.9903	10.399	3.2319	10.465	1	6635	1
53	111.24	130	0	0	-4.3592	11.217	-5.6289	9.5473	1	8695	1
54	67.139	90	0	0	4.6797	11.099	2.9937	11.095	1	6672	1
55	96.198	90	0	0	-1.3004	11.975	-4.1044	11.697	1	6388	1
56	29.588	50	0	0	10.454	5.9356	10.02	5.4193	1	6531	1
57	107.86	130	0	0	-3.6813	11.423	-4.7238	11.267	1	8688	1
58	36.521	50	0	0	9.6964	7.1805	9.9967	5.5627	1	9512	1
59	74.38	90	0	0	3.2362	11.575	1.9219	11.21	1	5653	1
60	108.41	130	0	0	-3.8016	11.421	-4.9381	11.267	1	7581	1
61	37.271	50	0	0	9.5997	7.3054	10.02	5.62	1	6539	1
62	139.13	130	0	0	-9.0781	7.8544	-10.56	5.2187	1	7065	1
63	88.753	90	0	0	0.2623	12.049	-0.9841	10.751	1	6279	1
118	43.965	50	0	0	8.6484	8.3416	9.0201	6.7953	2	6317	1
119	84.772	90	0	0	1.1061	12.088	0.087775	11.525	2	4649	1
120	126.86	130	0	0	-7.2202	9.6318	-9.0351	8.0853	2	6089	1
121	40.615	50	0	0	9.1748	7.8679	10.116	5.534	2	4880	1
122	129.96	130	0	0	-7.712	9.2046	-10.155	6.4513	2	5738	1
123	93.865	90	0	0	-0.815	12.064	-3.4613	11.984	2	5353	1
124	72.554	90	0	0	3.6253	11.536	2.1601	11.697	2	5684	1
125	109.02	130	0	0	-3.9373	11.423	-6.1529	10.608	2	6014	1
126	40.459	50	0	0	9.1924	7.8398	7.4956	7.7413	2	6487	1
127	82.573	90	0	0	1.5576	11.949	0.13541	11.267	2	6036	1
128	43.538	50	0	0	8.7434	8.3081	7.4718	7.2827	2	5320	1
129	129.81	130	0	0	-7.722	9.2651	-9.8211	6.7667	2	6954	1
130	129.56	130	0	0	-7.6763	9.2908	-8.3443	8.2573	2	6534	1
131	70.347	50	0	0	4.0477	11.334	3.1367	12.013	2	5390	1
132	71.573	90	0	0	3.8227	11.474	3.0414	11.239	2	5786	1
133	82.362	90	0	0	1.6112	12.015	-0.38861	11.525	2	5190	1
134	103.43	130	0	0	-2.7947	11.702	-5.2954	11.697	2	6274	1
135	32.562	50	0	0	10.128	6.4676	9.0439	6.91	2	4993	1
190	62.971	50	0	0	5.5268	10.833	2.7794	10.264	3	6655	1
191	68.709	90	0	0	4.3691	11.211	2.827	11.64	3	5295	1
192	121.78	130	0	0	-6.3342	10.224	-7.1772	10.321	3	5958	1
193	59.773	50	0	0	6.0707	10.419	4.28	11.525	3	5568	1
194	132.08	130	0	0	-8.1002	8.9723	-9.2733	8.3433	3	5816	1
195	85.28	90	0	0	0.9891	11.979	0.42125	11.669	3	8214	1
196	141.05	130	0	0	-9.3688	7.5724	-10.345	6.7953	3	6174	1
197	37.919	50	0	0	9.5038	7.4036	9.8299	5.1613	3	6223	1
198	76.938	90	0	0	2.7285	11.76	4.28	10.436	3	5621	1
199	114.42	130	0	0	-4.9723	10.95	-6.4388	10.063	3	6029	1
200	62.557	50	0	0	5.5542	10.696	3.9703	11.21	3	6599	1
201	98.43	90	0	0	-1.7654	11.912	-3.5328	12.07	3	8724	1
202	79.683	90	0	0	2.1532	11.828	0.94527	11.439	3	8643	1
203	136.93	130	0	0	-8.7919	8.2194	-9.8688	6.566	3	7533	1
204	42.786	50	0	0	8.8919	8.2299	10.449	5.276	3	6565	1
205	54.325	50	0	0	7.045	9.8131	4.8278	10.321	3	5440	1
206	124.96	130	0	0	-6.8815	9.8424	-6.9866	9.7767	3	7897	1
207	103.47	90	0	0	-2.8042	11.706	-4.9381	11.095	3	6328	1
262	101.75	90	0	0	-2.4615	11.83	-3.8663	11.984	4	5704	1
263	132.41	130	0	0	-8.1394	8.9121	-9.9879	6.738	4	5998	1
264	41.568	50	0	0	9.065	8.0391	8.4246	7.6267	4	4760	1
265	31.446	50	0	0	10.291	6.2929	9.3535	5.2187	4	4880	1
266	69.171	90	0	0	4.2837	11.26	1.4217	11.181	4	5476	1
267	129.22	130	0	0	-7.6	9.3129	-10.512	8.0853	4	5920	1
268	102.31	90	0	0	-2.5606	11.737	-4.3903	11.583	4	5546	1
269	62.402	50	0	0	5.5666	10.649	3.9227	11.497	4	5040	1
270	104.79	130	0	0	-3.0643	11.605	-6.4626	10.809	4	5482	1
271	124.74	130	0	0	-6.8756	9.9141	-6.8913	9.8627	4	6348	1
272	103.57	90	0	0	-2.8193	11.677	-4.8429	10.407	4	5701	1
273	47.163	50	0	0	8.1723	8.8139	8.0673	5.5913	4	8172	1
274	66.723	90	0	0	4.7695	11.087	1.9695	11.296	4	7244	1
275	118.73	130	0	0	-5.7704	10.528	-8.0585	8.114	4	6209	1
276	48.513	50	0	0	7.9848	9.0294	4.3991	9.7767	4	6862	1
277	134.16	130	0	0	-8.3645	8.6126	-8.9636	6.48	4	9396	1
278	78.019	90	0	0	2.4915	11.741	4.4706	9.576	4	7654	1
279	56.816	50	0	0	6.5764	10.056	4.7564	10.493	4	7839	1
