trial	targetangle_deg	arcangle_deg	homex_cm	homey_cm	handx_cm	handy_cm	tapx_cm	tapy_cm	block	time_ms	selected
91	168.1	130	0	0	-11.919	2.5114	-11.307	5.982	1	5139	1
92	100.3	50	0	0	-2.159	11.886	1.3884	12.948	1	4345	1
93	140.32	90	0	0	-9.4425	7.8326	-5.9956	11.371	1	3959	1
94	103.24	50	0	0	-2.7595	11.733	1.2217	12.747	1	4081	1
95	132.81	90	0	0	-8.1726	8.8232	-6.1862	11.601	1	4651	1
96	130.4	130	0	0	-7.9314	9.3187	-8.6158	10.741	1	3859	1
97	126.03	90	0	0	-7.0932	9.7525	-6.4482	11.515	1	3578	1
98	103.83	130	0	0	-2.8873	11.726	-3.2088	13.349	1	3357	1
99	59.818	50	0	0	6.1158	10.516	7.0098	10.225	1	3273	1
100	124.27	90	0	0	-6.7888	9.9647	-6.0433	11.371	1	3501	1
101	104.12	130	0	0	-2.9488	11.725	-3.3993	13.378	1	4147	1
102	85.777	50	0	0	0.8861	12	1.5313	13.12	1	3457	1
103	88.857	90	0	0	0.2411	12.088	-1.2794	13.206	1	4473	1
104	135.86	130	0	0	-8.6729	8.4156	-7.5439	10.798	1	3245	1
105	81.802	50	0	0	1.7151	11.904	1.3169	12.977	1	3295	1
106	96.092	90	0	0	-1.285	12.039	-0.89827	12.948	1	2959	1
107	88.15	50	0	0	0.3933	12.176	1.2455	12.977	1	3169	1
108	102.19	130	0	0	-2.5574	11.84	-3.3755	12.891	1	3241	1
235	106.47	50	0	0	-3.4534	11.677	1.3408	13.091	2	5078	1
236	66.171	90	0	0	4.9011	11.097	4.7708	12.002	2	3888	1
237	144.78	130	0	0	-9.963	7.0331	-7.7106	10.798	2	2939	1
238	137.36	90	0	0	-8.9346	8.2265	-6.1385	11.601	2	2900	1
239	58.777	50	0	0	6.3111	10.411	7.0098	9.7373	2	3017	1
240	164.04	130	0	0	-11.577	3.3117	-10.736	5.3227	2	3039	1
241	117.81	130	0	0	-5.6801	10.767	-2.9467	12.575	2	3123	1
242	100.69	90	0	0	-2.2479	11.905	-0.80299	13.12	2	3099	1
243	104.67	50	0	0	-3.0394	11.614	1.9124	12.891	2	2879	1
244	35.335	50	0	0	9.8336	6.9717	11.011	5.81	2	3219	1
245	100.25	90	0	0	-2.1482	11.876	-0.3266	13.636	2	3019	1
246	165.74	130	0	0	-11.78	2.9929	-11.546	4.95	2	2779	1
247	114.87	130	0	0	-5.0668	10.928	-2.6847	12.919	2	3139	1
248	104.67	90	0	0	-3.0696	11.728	-0.4457	13.837	2	3099	1
249	96.126	50	0	0	-1.2849	11.972	1.7933	12.174	2	2979	1
250	139.11	130	0	0	-9.2173	7.9808	-8.1156	10.97	2	3001	1
251	133.13	90	0	0	-8.2505	8.8083	-6.0909	11.715	2	2719	1
252	32.248	50	0	0	10.172	6.4176	11.011	5.9247	2	3079	1
379	97.163	50	0	0	-1.5248	12.132	1.9839	13.149	3	10648	1
380	135.52	90	0	0	-8.7049	8.5493	-6.1147	11.601	3	2900	1
381	114.25	130	0	0	-5.007	11.115	-2.9944	12.547	3	2899	1
382	144.12	130	0	0	-9.9452	7.1932	-7.7344	10.54	3	2919	1
383	138.71	90	0	0	-9.185	8.065	-6.0433	11.429	3	4378	1
384	108.79	50	0	0	-3.8699	11.374	1.5313	13.091	3	4688	1
385	157.88	130	0	0	-11.316	4.5997	-10.712	6.0107	3	2779	1
386	70.545	50	0	0	4.0384	11.433	6.5334	9.766	3	2918	1
387	105.05	90	0	0	-3.1753	11.807	-0.92209	13.177	3	2819	1
388	132.33	90	0	0	-8.1353	8.9302	-6.1147	12.059	3	2699	1
389	38.363	50	0	0	9.6765	7.6594	10.368	5.982	3	2812	1
390	134.92	130	0	0	-8.5646	8.5893	-7.8774	10.855	3	2879	1
391	90.481	50	0	0	-0.1022	12.182	1.5075	12.833	3	2719	1
392	70.75	90	0	0	3.9604	11.341	4.8184	11.658	3	2939	1
393	167.89	130	0	0	-11.803	2.5334	-10.95	6.2973	3	2759	1
394	140.8	130	0	0	-9.4496	7.7056	-7.8297	10.884	3	2800	1
395	97.315	50	0	0	-1.5358	11.964	1.3408	13.263	3	2883	1
396	92.894	90	0	0	-0.615	12.165	-0.15986	14.095	3	2520	1
523	97.872	50	0	0	-1.6565	11.98	1.6742	13.12	4	4557	1
524	109.32	90	0	0	-3.9752	11.336	-0.35042	13.722	4	2979	1
525	177.61	130	0	0	-12.157	0.5069	-10.783	5.6953	4	2999	1
526	122.97	130	0	0	-6.5402	10.084	-2.8038	12.805	4	2999	1
527	96.769	50	0	0	-1.4187	11.952	1.6981	12.747	4	3159	1
528	99.958	90	0	0	-2.0762	11.825	-0.39806	12.375	4	2979	1
529	141.97	90	0	0	-9.5129	7.4413	-6.0433	11.658	4	3099	1
530	111.31	130	0	0	-4.3725	11.208	-3.3993	12.891	4	3379	1
531	70.182	50	0	0	4.0794	11.32	6.7716	10.11	4	3339	1
532	131.22	90	0	0	-7.9568	9.0819	-5.8289	11.945	4	3140	1
533	139.72	130	0	0	-9.2135	7.8092	-2.9944	13.923	4	3139	1
534	91.293	50	0	0	-0.2748	12.179	1.3169	12.862	4	2920	1
535	106.48	130	0	0	-3.4369	11.618	-2.7085	13.321	4	2740	1
536	86.56	50	0	0	0.7326	12.186	1.3884	12.891	4	2780	1
537	101.59	90	0	0	-2.4312	11.854	-0.27896	13.808	4	3680	1
538	36.141	130	0	0	9.7113	7.0922	-2.8991	13.55	4	6706	0
539	126.56	90	0	0	-7.1954	9.7012	-6.5197	12.317	4	3239	1
540	33.743	50	0	0	10.159	6.7862	10.535	6.4407	4	3074	1
