Trial#	TargetAngle	ArcAngle	XHomePosition(m)	YHomePosition(m)	XTarget(m)	YTarget(m)	XTouch	YTouch	Block#	Time(ms)
73	42.566108979	50	0.0	-0.085	0.083967	-0.007880	398	535	1	3188
74	101.317696836	130	0.0	-0.085	-0.022437	0.027106	1040	676	1	3769
75	57.5660167515	90	0.0	-0.085	0.106855	0.083156	455	727	1	2811
76	130.261940244	130	0.0	-0.085	-0.073439	0.001713	1192	686	1	2530
77	76.3511110317	50	0.0	-0.085	0.028825	0.033705	602	765	1	2627
78	99.7627496695	90	0.0	-0.085	-0.020171	0.032232	848	738	1	2521
79	73.5457554255	130	0.0	-0.085	0.033532	0.028535	615	757	1	2549
80	92.3189357519	90	0.0	-0.085	-0.004753	0.032372	757	778	1	2389
81	43.8655216543	50	0.0	-0.085	0.081572	-0.006596	290	612	1	2529
82	126.732333933	130	0.0	-0.085	-0.071542	0.010868	1085	731	1	2509
83	99.546339965	90	0.0	-0.085	-0.019653	0.031861	832	746	1	2329
84	74.3475046328	50	0.0	-0.085	0.033232	0.033604	528	725	1	2489
85	99.3328696956	90	0.0	-0.085	-0.019411	0.033111	744	759	1	2431
86	38.207224505	50	0.0	-0.085	0.088912	-0.015015	447	579	1	2449
87	89.1213315285	130	0.0	-0.085	0.001838	0.034842	669	725	1	2507
88	137.167569585	130	0.0	-0.085	-0.085278	-0.005942	1214	631	1	2269
89	71.35425181	50	0.0	-0.085	0.036631	0.023560	525	658	1	2309
90	92.9870330267	90	0.0	-0.085	-0.005892	0.027915	653	689	1	2309
145	49.6809729755	50	0.0	-0.085	0.073024	0.001049	417	651	2	2689
146	81.6537726425	90	0.0	-0.085	0.016816	0.029622	693	744	2	2169
147	131.158216897	130	0.0	-0.085	-0.073486	-0.000934	1147	644	2	2149
148	124.381162717	130	0.0	-0.085	-0.065288	0.010418	1032	632	2	2149
149	76.3420105095	50	0.0	-0.085	0.027265	0.027203	552	694	2	2269
150	123.230466443	90	0.0	-0.085	-0.063305	0.011628	1088	678	2	2229
151	45.6274881501	50	0.0	-0.085	0.082314	-0.000863	319	534	2	2269
152	105.464639913	130	0.0	-0.085	-0.029936	0.023205	860	683	2	2259
153	93.0210560225	90	0.0	-0.085	-0.006219	0.032837	740	713	2	2249
154	99.4290564261	90	0.0	-0.085	-0.018880	0.028687	728	730	2	2321
155	140.324789573	130	0.0	-0.085	-0.088532	-0.011564	1172	537	2	2149
156	88.3416516878	50	0.0	-0.085	0.003639	0.040692	652	694	2	2269
157	109.651757314	130	0.0	-0.085	-0.038256	0.022129	853	673	2	2169
158	46.5516546307	50	0.0	-0.085	0.080076	-0.000465	403	524	2	3164
159	85.1518080093	90	0.0	-0.085	0.010887	0.043355	643	687	2	3109
160	74.3194883703	50	0.0	-0.085	0.033904	0.035775	562	649	2	2350
161	121.410993857	90	0.0	-0.085	-0.059452	0.012356	957	673	2	2209
162	141.66787675	130	0.0	-0.085	-0.088938	-0.014680	1166	569	2	2189
217	78.2174580918	90	0.0	-0.085	0.023338	0.026883	652	679	3	2209
218	56.6995143095	50	0.0	-0.085	0.064856	0.013732	459	606	3	2229
219	124.713305226	130	0.0	-0.085	-0.066961	0.011656	1127	679	3	2149
220	121.437519947	130	0.0	-0.085	-0.060374	0.013763	1029	655	3	2149
221	86.4277562655	50	0.0	-0.085	0.007458	0.034465	639	715	3	2189
222	125.685624629	90	0.0	-0.085	-0.068963	0.011023	1078	631	3	2189
223	84.1853935841	90	0.0	-0.085	0.013366	0.046253	620	670	3	2389
224	66.1798601276	50	0.0	-0.085	0.047634	0.022898	515	657	3	2089
225	128.296030669	130	0.0	-0.085	-0.069497	0.003011	1126	592	3	2189
226	106.400330066	90	0.0	-0.085	-0.033337	0.028267	889	701	3	2109
227	134.1911664	130	0.0	-0.085	-0.081041	-0.001638	1128	617	3	2129
228	89.6106138859	50	0.0	-0.085	0.000798	0.032419	607	620	3	2149
229	46.6699298393	50	0.0	-0.085	0.080987	0.000851	457	575	3	2169
230	129.321904852	130	0.0	-0.085	-0.073104	0.004246	1078	609	3	2089
231	96.4765782783	90	0.0	-0.085	-0.012852	0.028212	891	691	3	2089
232	77.5072254224	50	0.0	-0.085	0.027384	0.038595	601	665	3	2210
233	144.553243227	130	0.0	-0.085	-0.094232	-0.017917	1242	501	3	2069
234	119.520176027	90	0.0	-0.085	-0.058656	0.018589	1044	645	3	3724
289	47.2807517941	50	0.0	-0.085	0.078894	0.000439	418	607	4	2190
290	120.861868497	130	0.0	-0.085	-0.059217	0.014094	1085	704	4	2049
291	86.7386830656	90	0.0	-0.085	0.007036	0.038477	739	736	4	2110
292	76.0162822722	50	0.0	-0.085	0.028385	0.028984	591	661	4	2090
293	139.429214859	130	0.0	-0.085	-0.092217	-0.006042	1260	596	4	2049
294	104.994674017	90	0.0	-0.085	-0.030297	0.028112	888	693	4	2089
295	70.9202150346	90	0.0	-0.085	0.040276	0.031443	545	637	4	2130
296	109.499438687	130	0.0	-0.085	-0.039557	0.026709	850	717	4	2110
297	65.8628037653	50	0.0	-0.085	0.049115	0.024607	534	613	4	2089
298	76.104544076	50	0.0	-0.085	0.030175	0.036973	559	607	4	2109
299	105.180452039	90	0.0	-0.085	-0.031881	0.032500	824	683	4	2129
300	141.289627613	130	0.0	-0.085	-0.089896	-0.012953	1192	559	4	2049
301	59.2231184931	50	0.0	-0.085	0.065650	0.025230	468	578	4	2289
302	82.8735289709	90	0.0	-0.085	0.015152	0.036191	629	653	4	2109
303	127.241007352	130	0.0	-0.085	-0.073158	0.011239	1045	652	4	2129
304	96.3389674487	90	0.0	-0.085	-0.013124	0.033139	753	704	4	2209
305	79.6837718213	50	0.0	-0.085	0.021932	0.035490	621	658	4	2169
306	135.910087094	130	0.0	-0.085	-0.086270	-0.001428	1210	525	4	2069
