trial	targetangle_deg	arcangle_deg	homex_cm	homey_cm	handx_cm	handy_cm	tapx_cm	tapy_cm	block	time_ms	selected
46	42.908	50	0	0	8.9705	8.3381	-14.428	-7.5	1	7764	0
47	102.6	130	0	0	-2.6998	12.076	-4.757	12.022	1	3946	1
48	59.382	90	0	0	10.52	17.776	-15.643	-7.5	1	8491	0
49	128.44	130	0	0	-7.4795	9.4237	-7.5439	8.8113	1	9217	1
50	79.766	50	0	0	2.2442	12.43	0.57854	11.277	1	6232	1
51	102.01	90	0	0	-2.639	12.407	-2.9229	11.764	1	4964	1
52	76.062	130	0	0	3.0459	12.273	-15.19	2.906	1	4487	0
53	93.468	90	0	0	-0.7636	12.599	-1.4938	13.455	1	4026	1
54	45.496	50	0	0	8.4378	8.5851	8.2246	10.388	1	4045	1
55	125.45	130	0	0	-7.4085	10.404	-8.1632	11.305	1	3743	1
56	102.14	90	0	0	-2.6089	12.133	-4.0424	13.398	1	3869	1
57	77.273	50	0	0	2.7995	12.395	2.365	13.427	1	3830	1
58	100.97	90	0	0	-2.4349	12.565	-4.0663	15.118	1	3509	1
59	37.187	50	0	0	9.6606	7.3294	-7.4248	-7.5	1	6229	0
60	92.47	130	0	0	-0.5329	12.356	-0.15986	14.545	1	4334	1
61	136.21	130	0	0	-8.9573	8.5867	-12.284	12.223	1	3070	0
62	74.864	50	0	0	3.1526	11.655	-11.355	-7.5	1	3589	0
63	95.489	90	0	0	-1.1507	11.975	-1.9463	13.943	1	5206	1
118	51.441	50	0	0	7.5398	9.4589	7.0812	8.926	2	3629	1
119	83.716	90	0	0	1.3319	12.095	1.841	12.165	2	2949	1
120	131.36	130	0	0	-7.9649	9.0456	-8.2108	11.535	2	4079	1
121	126.39	130	0	0	-7.3661	9.9943	-8.1394	11.477	2	2989	1
122	79.284	50	0	0	2.2679	11.984	4.08	13.398	2	2589	1
123	123.63	90	0	0	-6.7826	10.198	-7.9488	12.796	2	2959	1
124	49.097	50	0	0	8.0599	9.3035	6.9622	9.012	2	4232	1
125	106.17	130	0	0	-3.3609	11.588	-2.9229	11.42	2	3740	1
126	97.238	90	0	0	-1.5129	11.912	-0.56479	11.764	2	4789	1
127	102.99	90	0	0	-2.7124	11.763	-2.2798	12.337	2	2849	1
128	139.99	130	0	0	-9.4315	7.9165	-10.879	7.6073	2	2810	1
129	92.716	50	0	0	-0.593	12.503	1.6981	11.907	2	2809	1
130	112.48	130	0	0	-4.629	11.188	-4.1139	11.105	2	3389	1
131	49.033	50	0	0	7.9165	9.1174	8.7962	8.8687	2	3330	1
132	89.258	90	0	0	0.1644	12.692	2.5317	13.398	2	2910	1
133	78.574	50	0	0	2.4411	12.078	3.8418	11.506	2	4709	1
134	121.34	90	0	0	-6.3229	10.384	-4.7094	11.764	2	3739	1
135	140.57	130	0	0	-9.2775	7.6294	-10.069	7.3207	2	4469	1
190	80.631	90	0	0	1.9724	11.954	2.2935	12.194	3	3090	1
191	60.052	50	0	0	6.0495	10.5	7.0098	9.098	3	2449	1
192	123.53	130	0	0	-6.885	10.392	-6.8531	11.391	3	2289	1
193	123.35	130	0	0	-6.7329	10.23	-6.3291	11.047	3	2289	1
194	90.82	50	0	0	-0.174	12.162	2.0792	11.85	3	2329	1
195	124.01	90	0	0	-7.0862	10.5	-6.4482	11.764	3	2249	1
196	88.213	90	0	0	0.3998	12.814	2.9128	12.395	3	2330	1
197	69.877	50	0	0	4.229	11.542	6.9622	9.2127	3	2450	1
198	127.42	130	0	0	-7.3143	9.561	-8.187	10.99	3	2770	1
199	110.46	90	0	0	-4.3025	11.531	-4.1139	12.538	3	3958	1
200	133.82	130	0	0	-8.661	9.0265	-8.1632	10.56	3	2349	1
201	92.29	50	0	0	-0.494	12.352	2.4841	12.681	3	2809	1
202	47.725	50	0	0	8.3341	9.167	9.0106	6.69	3	3129	1
203	127.66	130	0	0	-7.4562	9.6621	-7.5201	11.821	3	2469	1
204	99.768	90	0	0	-2.0551	11.938	-1.8034	13.484	3	2989	1
205	81.7	50	0	0	1.7884	12.259	5.5092	11.219	3	2689	1
206	143.35	130	0	0	-9.8302	7.3151	-11.808	7.12	3	2564	1
207	120.38	90	0	0	-6.3388	10.811	-5.6622	11.965	3	2789	1
262	49.417	50	0	0	7.9314	9.2594	7.5338	8.0373	4	2949	1
263	120.96	130	0	0	-6.3118	10.522	-7.1151	12.137	4	2669	1
264	90.84	90	0	0	-0.1812	12.354	0.07833	12.28	4	2689	1
265	79.098	50	0	0	2.3185	12.037	3.7465	11.678	4	2789	1
266	138.62	130	0	0	-9.4599	8.3344	-10.688	8.2093	4	2909	1
267	108.63	90	0	0	-3.8956	11.555	-5.019	10.818	4	2969	1
268	75.029	90	0	0	3.2704	12.23	3.9847	11.162	4	2849	1
269	110.73	130	0	0	-4.3792	11.568	-5.3287	11.047	4	3189	1
270	69.426	50	0	0	4.324	11.52	5.0328	10.273	4	3369	1
271	80.189	50	0	0	2.1937	12.686	2.5317	11.506	4	3551	1
272	106.08	90	0	0	-3.544	12.294	-2.1131	12.366	4	2449	1
273	138.04	130	0	0	-8.9953	8.0876	-11.45	7.5213	4	2549	1
274	62.589	50	0	0	5.619	10.835	7.0574	8.1233	4	3110	1
275	86.871	90	0	0	0.6868	12.565	2.4841	11.563	4	3690	1
276	127.02	130	0	0	-7.6437	10.138	-7.6392	10.302	4	3369	1
277	99.939	90	0	0	-2.1377	12.199	-1.8749	12.194	4	2710	1
278	83.247	50	0	0	1.4943	12.619	2.2221	11.735	4	2469	1
279	135.82	130	0	0	-9.0136	8.7584	-10.998	7.464	4	2309	1
