trial	targetangle_deg	arcangle_deg	homex_cm	homey_cm	handx_cm	handy_cm	tapx_cm	tapy_cm	block	time_ms	selected
91	73.289	50	0	0	3.5125	11.7	6.4619	10.703	1	8793	1
92	130.92	130	0	0	-8.1944	9.4517	-8.4967	12.137	1	2829	1
93	103.38	90	0	0	-2.8285	11.894	-1.7081	12.079	1	2629	1
94	139.93	130	0	0	-9.5404	8.024	-10.569	11.133	1	2409	1
95	89.137	50	0	0	0.1846	12.259	3.3416	12.423	1	3421	1
96	133.83	90	0	0	-8.5067	8.8601	-6.7579	12.051	1	3089	1
97	94.472	90	0	0	-0.9717	12.423	1.3884	12.251	1	2669	1
98	69.317	50	0	0	4.4559	11.803	6.0332	10.675	1	2529	1
99	140.6	130	0	0	-9.7296	7.9906	-9.6876	10.56	1	2330	1
100	131.86	130	0	0	-8.388	9.3611	-7.7106	9.9293	1	3352	1
101	110.43	90	0	0	-4.2874	11.511	-4.4712	12.681	1	3129	1
102	77.55	50	0	0	2.5965	11.761	3.3416	11.449	1	3509	1
103	80.402	90	0	0	2.0763	12.278	3.4845	12.739	1	3568	1
104	56.016	50	0	0	7.0359	10.437	8.2008	9.614	1	2729	1
105	136.77	130	0	0	-8.9192	8.3842	-11.022	9.614	1	4168	1
106	64.988	50	0	0	5.1015	10.934	6.1285	11.334	1	2959	1
107	116.69	90	0	0	-5.4637	10.869	-5.3763	12.624	1	2389	1
108	139.42	130	0	0	-9.2286	7.9029	-9.7591	8.324	1	3998	1
235	129.75	130	0	0	-7.8266	9.412	-8.9492	11.162	2	2989	1
236	95.249	90	0	0	-1.0998	11.971	0.57854	13.226	2	2550	1
237	84.618	50	0	0	1.1474	12.179	3.6512	11.965	2	2369	1
238	74.213	50	0	0	3.4058	12.046	5.1519	11.477	2	2589	1
239	141.56	130	0	0	-9.5705	7.5953	-11.355	8.2093	2	2389	1
240	114.41	90	0	0	-5.1619	11.375	-3.709	12.968	2	2509	1
241	82.893	90	0	0	1.5085	12.1	2.889	11.678	2	2609	1
242	60.783	50	0	0	5.8662	10.489	7.3433	9.2127	2	2729	1
243	131.86	130	0	0	-8.0741	9.0125	-8.3299	10.703	2	2369	1
244	84.243	50	0	0	1.2572	12.47	3.0796	11.076	2	2469	1
245	121.45	90	0	0	-6.2614	10.239	-4.4235	11.449	2	2349	1
246	142.82	130	0	0	-9.6288	7.3036	-9.6638	7.12	2	3386	1
247	71.079	50	0	0	4.0596	11.843	6.1761	8.7827	2	2609	1
248	105.76	90	0	0	-3.2683	11.58	-1.8272	11.85	2	2510	1
249	145.28	130	0	0	-10.025	6.9461	-10.331	6.088	2	2450	1
250	69.794	50	0	0	4.1587	11.3	5.1995	10.245	2	2950	1
251	128.05	130	0	0	-7.6993	9.8354	-8.187	8.9833	2	2510	1
252	113.86	90	0	0	-5.0877	11.503	-4.8761	11.477	2	2649	1
379	120.62	130	0	0	-6.2938	10.632	-4.3997	13.255	3	3330	1
380	72.768	50	0	0	3.6554	11.786	5.795	11.334	3	2749	1
381	100.27	90	0	0	-2.193	12.098	-1.2079	14.487	3	2589	1
382	139.82	130	0	0	-9.1768	7.7492	-9.9973	9.7287	3	2729	1
383	101.65	90	0	0	-2.462	11.936	-1.7081	13.226	3	2879	1
384	86.799	50	0	0	0.6843	12.237	3.2463	12.796	3	3369	1
385	68.934	50	0	0	4.4901	11.657	7.5815	9.7	3	2849	1
386	129.4	130	0	0	-7.8032	9.4998	-7.9012	11.707	3	2709	1
387	101.41	90	0	0	-2.3908	11.843	0.93583	12.481	3	3309	1
388	103.48	90	0	0	-2.8854	12.039	-1.0888	13.14	3	2710	1
389	78.581	50	0	0	2.3941	11.853	4.0562	11.879	3	2805	1
390	140.48	130	0	0	-9.5089	7.8452	-9.64	9.2987	3	2670	1
391	90.329	90	0	0	-0.0694	12.081	2.2221	12.223	3	2970	1
392	128.19	130	0	0	-7.5018	9.5358	-7.4963	10.99	3	3149	1
393	71.948	50	0	0	3.7903	11.629	6.0808	9.9007	3	3189	1
394	129.45	130	0	0	-7.766	9.439	-8.6634	10.646	3	3069	1
395	113.96	90	0	0	-5.0118	11.279	-4.0663	12.366	3	2949	1
396	92.828	50	0	0	-0.6003	12.152	1.0073	11.993	3	3069	1
523	58.192	50	0	0	6.3937	10.309	8.6057	8.8113	4	3349	1
524	124.76	130	0	0	-7.224	10.408	-7.1866	12.194	4	2769	1
525	95.027	90	0	0	-1.0897	12.389	-0.85063	12.739	4	2789	1
526	71.992	50	0	0	3.7418	11.511	5.3186	11.277	4	2969	1
527	113.07	90	0	0	-4.7405	11.13	-2.6133	12.538	4	2869	1
528	137.24	130	0	0	-8.9114	8.2418	-10.378	10.302	4	3369	1
529	89.879	90	0	0	0.0257	12.126	2.9843	11.076	4	2869	1
530	64.806	50	0	0	5.1987	11.051	6.8431	9.9867	4	2909	1
531	130.84	130	0	0	-8.0489	9.3114	-7.6154	11.076	4	2789	1
532	134.76	130	0	0	-8.4949	8.5678	-9.4256	11.105	4	2749	1
533	109.72	90	0	0	-4.1359	11.536	-3.1135	12.194	4	3149	1
534	91.048	50	0	0	-0.2197	12.007	-0.11223	12.595	4	3625	1
535	118.83	130	0	0	-5.8182	10.57	-5.9004	12.251	4	3129	1
536	63.42	50	0	0	5.5322	11.057	6.6525	9.7	4	3129	1
537	99.544	90	0	0	-2.015	11.985	-0.85063	13.857	4	2889	1
538	136.25	130	0	0	-8.8781	8.4987	-9.378	9.8147	4	2989	1
539	108.11	90	0	0	-3.8012	11.62	-2.256	12.968	4	3089	1
540	95.503	50	0	0	-1.1584	12.024	0.45944	12.653	4	3489	1
