Trial#	TargetAngle	ArcAngle	XHomePosition(m)	YHomePosition(m)	XTarget(m)	YTarget(m)	XTouch	YTouch	Block#	Time(ms)
91	139.762167834	130	0.0	-0.085	-0.092359	-0.006846	998	746	1	5539
92	59.5173396614	50	0.0	-0.085	0.061648	0.019730	245	589	1	5313
93	132.659172721	90	0.0	-0.085	-0.082508	0.004541	675	862	1	5462
94	90.6152343183	90	0.0	-0.085	-0.001298	0.035876	408	820	1	4316
95	142.993662267	130	0.0	-0.085	-0.096848	-0.012003	916	742	1	4256
96	74.4363842742	50	0.0	-0.085	0.032766	0.032643	258	694	1	3832
97	130.368927795	130	0.0	-0.085	-0.078559	0.007408	695	810	1	3652
98	91.9112908855	50	0.0	-0.085	-0.004019	0.035435	303	727	1	3908
99	106.092594337	90	0.0	-0.085	-0.033835	0.032281	494	824	1	4512
100	64.8396620749	50	0.0	-0.085	0.051593	0.024838	221	647	1	3508
101	93.4688884029	90	0.0	-0.085	-0.007318	0.035724	333	728	1	3864
102	164.799307882	130	0.0	-0.085	-0.116898	-0.053238	1056	724	1	3309
103	66.1749729726	50	0.0	-0.085	0.049149	0.026304	145	608	1	4826
104	130.522058018	130	0.0	-0.085	-0.078529	0.006874	789	781	1	3476
105	94.2547399832	90	0.0	-0.085	-0.008918	0.034872	410	770	1	4315
106	123.577965127	130	0.0	-0.085	-0.067189	0.016212	721	829	1	3559
107	118.345186437	90	0.0	-0.085	-0.057142	0.020924	633	828	1	4497
108	65.4593581416	50	0.0	-0.085	0.050883	0.026443	198	588	1	3800
235	157.457464137	130	0.0	-0.085	-0.112387	-0.038350	1019	686	2	6106
236	83.7179983281	50	0.0	-0.085	0.013290	0.035727	316	687	2	4016
237	109.587410545	90	0.0	-0.085	-0.040233	0.028066	475	835	2	3848
238	91.1761207972	90	0.0	-0.085	-0.002485	0.036042	371	740	2	3264
239	101.331469518	50	0.0	-0.085	-0.023783	0.033683	363	758	2	3022
240	138.739116548	130	0.0	-0.085	-0.091403	-0.004811	834	773	2	2889
241	59.7952489297	50	0.0	-0.085	0.061179	0.020096	171	512	2	3492
242	133.442514738	90	0.0	-0.085	-0.083113	0.002759	728	820	2	3796
243	138.238893935	130	0.0	-0.085	-0.090368	-0.004312	860	788	2	3536
244	134.994298761	130	0.0	-0.085	-0.085414	0.000431	744	816	2	3104
245	89.8768491565	50	0.0	-0.085	0.000258	0.035034	362	766	2	4502
246	133.318078667	90	0.0	-0.085	-0.083400	0.003446	749	769	2	3681
247	148.59448699	130	0.0	-0.085	-0.103126	-0.022038	1059	728	2	2989
248	103.460599147	90	0.0	-0.085	-0.028142	0.032576	521	828	2	3290
249	65.4754387598	50	0.0	-0.085	0.049935	0.024448	199	565	2	3144
250	92.9788718368	50	0.0	-0.085	-0.006280	0.035681	304	743	2	3094
251	115.563313398	90	0.0	-0.085	-0.052133	0.023989	510	799	2	3089
252	147.811190349	130	0.0	-0.085	-0.103595	-0.019791	884	740	2	3489
379	105.296523869	50	0.0	-0.085	-0.031890	0.031598	385	712	3	5353
380	116.395289227	90	0.0	-0.085	-0.053748	0.023297	592	822	3	2809
381	134.459369141	130	0.0	-0.085	-0.084296	0.000902	884	790	3	2689
382	139.334008193	90	0.0	-0.085	-0.091805	-0.006130	854	847	3	2709
383	128.913238725	130	0.0	-0.085	-0.075429	0.008436	864	832	3	2609
384	93.6283388861	50	0.0	-0.085	-0.007672	0.035988	422	789	3	3088
385	137.051378715	130	0.0	-0.085	-0.088288	-0.002818	1012	758	3	3176
386	61.608350783	50	0.0	-0.085	0.057674	0.021703	339	662	3	3029
387	95.9434786068	90	0.0	-0.085	-0.012459	0.034675	458	849	3	2869
388	136.404408179	90	0.0	-0.085	-0.088697	-0.000548	875	835	3	2770
389	128.294310996	130	0.0	-0.085	-0.074614	0.009497	828	844	3	2650
390	72.2860242711	50	0.0	-0.085	0.037193	0.031443	210	654	3	2730
391	127.783915592	90	0.0	-0.085	-0.074750	0.011423	799	865	3	2789
392	137.423317438	130	0.0	-0.085	-0.089294	-0.002957	1016	807	3	2949
393	104.568794562	50	0.0	-0.085	-0.030410	0.032007	610	818	3	3346
394	129.097386617	130	0.0	-0.085	-0.076513	0.009158	1000	793	3	3209
395	90.9502763471	90	0.0	-0.085	-0.002005	0.035878	490	741	3	3409
396	84.6414484226	50	0.0	-0.085	0.011296	0.035429	468	734	3	3847
523	95.5120255533	50	0.0	-0.085	-0.011572	0.034916	408	651	4	3455
524	127.966079642	90	0.0	-0.085	-0.074592	0.010590	628	794	4	3791
525	135.01239842	130	0.0	-0.085	-0.085511	0.000474	856	811	4	2629
526	94.4496442361	90	0.0	-0.085	-0.009437	0.036271	383	748	4	2849
527	145.580710269	130	0.0	-0.085	-0.099107	-0.017091	1056	723	4	3599
528	91.5975607665	50	0.0	-0.085	-0.003385	0.036370	378	717	4	2712
529	137.622340701	130	0.0	-0.085	-0.090148	-0.002748	941	779	4	2589
530	95.1378028138	50	0.0	-0.085	-0.010804	0.035161	425	763	4	2569
531	86.8049739751	90	0.0	-0.085	0.006726	0.035491	375	747	4	2929
532	149.742918793	130	0.0	-0.085	-0.105095	-0.023693	1045	728	4	2735
533	127.605200454	90	0.0	-0.085	-0.074302	0.011465	656	759	4	2669
534	109.10365864	50	0.0	-0.085	-0.039887	0.030163	575	777	4	3190
535	144.753479793	130	0.0	-0.085	-0.099502	-0.014688	1012	756	4	3959
536	111.672784933	90	0.0	-0.085	-0.044356	0.026616	579	820	4	2850
537	60.7271413296	50	0.0	-0.085	0.059197	0.020605	178	503	4	2969
538	100.292304773	90	0.0	-0.085	-0.021537	0.033601	433	746	4	2970
539	154.969114502	130	0.0	-0.085	-0.109608	-0.033817	1070	649	4	3110
540	113.992716464	50	0.0	-0.085	-0.049302	0.025772	538	819	4	3029
