Trial#	TargetAngle	ArcAngle	XHomePosition(m)	YHomePosition(m)	XTarget(m)	YTarget(m)	XTouch	YTouch	Block#	Time(ms)
46	92.1151410988	90	0.0	-0.085	-0.004429	0.034920	725	401	1	20448
47	47.443118421	50	0.0	-0.085	0.081561	0.003831	498	482	1	25809
48	126.557546578	130	0.0	-0.085	-0.072570	0.012867	1093	592	1	6834
49	53.9777413962	50	0.0	-0.085	0.071684	0.013584	537	520	1	6310
50	106.369340994	90	0.0	-0.085	-0.033835	0.030189	961	659	1	3110
51	135.856473229	130	0.0	-0.085	-0.087038	-0.000526	1061	428	1	3209
52	48.8546932462	50	0.0	-0.085	0.079540	0.006033	611	441	1	3109
53	74.9425431514	90	0.0	-0.085	0.031220	0.031049	724	576	1	3471
54	125.6404196	130	0.0	-0.085	-0.070450	0.013257	1081	487	1	4718
55	122.764414006	130	0.0	-0.085	-0.066320	0.018049	967	538	1	3149
56	96.9073304398	90	0.0	-0.085	-0.014629	0.035758	856	567	1	3849
57	71.8955534526	50	0.0	-0.085	0.037615	0.030053	686	572	1	3389
58	62.4375040396	90	0.0	-0.085	0.055823	0.021950	678	512	1	3969
59	45.734658644	50	0.0	-0.085	0.084299	0.001489	502	492	1	3789
60	117.496328043	130	0.0	-0.085	-0.055693	0.022002	1105	540	1	4129
61	64.7883108953	50	0.0	-0.085	0.051515	0.024417	613	589	1	4444
62	130.928080751	130	0.0	-0.085	-0.080071	0.007345	1119	494	1	3870
63	98.2084760412	90	0.0	-0.085	-0.017182	0.034110	979	580	1	3430
118	74.5517943678	90	0.0	-0.085	0.031965	0.030668	621	618	2	4095
119	54.806210778	50	0.0	-0.085	0.069801	0.013972	491	551	2	3529
120	121.533472257	130	0.0	-0.085	-0.062900	0.017509	1048	591	2	3306
121	67.4371365809	50	0.0	-0.085	0.046934	0.027958	662	514	2	3169
122	104.343436428	90	0.0	-0.085	-0.029888	0.031885	916	599	2	3309
123	133.271115895	130	0.0	-0.085	-0.082382	0.002510	1143	529	2	3329
124	79.2528136719	90	0.0	-0.085	0.022598	0.034059	533	553	2	3629
125	63.1197272067	50	0.0	-0.085	0.055202	0.023902	515	510	2	4069
126	119.381332125	130	0.0	-0.085	-0.059683	0.021001	1066	538	2	3777
127	116.252195462	130	0.0	-0.085	-0.053725	0.023933	1074	539	2	3589
128	83.2447731498	50	0.0	-0.085	0.014226	0.035101	684	638	2	3809
129	116.335448347	90	0.0	-0.085	-0.053469	0.023018	1063	570	2	3869
130	77.2404263563	90	0.0	-0.085	0.026920	0.033877	668	584	2	3609
131	60.1974521959	50	0.0	-0.085	0.059658	0.019158	535	507	2	3370
132	116.72054588	130	0.0	-0.085	-0.054015	0.022301	1042	574	2	3370
133	96.0756829058	90	0.0	-0.085	-0.012725	0.034551	806	606	2	3265
134	73.4874602461	50	0.0	-0.085	0.034153	0.030206	600	577	2	3469
135	131.465152629	130	0.0	-0.085	-0.080027	0.005565	1078	502	2	3289
190	47.7165114596	50	0.0	-0.085	0.082823	0.006074	435	515	3	4614
191	86.7586295493	90	0.0	-0.085	0.006833	0.035654	737	617	3	3689
192	121.465703374	130	0.0	-0.085	-0.063713	0.019110	1060	544	3	3029
193	94.2706697386	90	0.0	-0.085	-0.009012	0.035682	753	632	3	3189
194	127.68289238	130	0.0	-0.085	-0.074265	0.011147	1114	565	3	3289
195	83.1250424761	50	0.0	-0.085	0.014540	0.035594	688	650	3	3148
196	101.071996415	130	0.0	-0.085	-0.023163	0.033369	985	617	3	4034
197	62.5141637871	50	0.0	-0.085	0.056449	0.023503	569	565	3	3389
198	88.4069597039	90	0.0	-0.085	0.003352	0.035528	746	600	3	3429
199	127.535808735	130	0.0	-0.085	-0.073622	0.010822	1090	566	3	3269
200	77.2632600029	50	0.0	-0.085	0.026575	0.032571	640	590	3	3209
201	116.590430897	90	0.0	-0.085	-0.054229	0.023338	1019	582	3	3130
202	54.6913431421	50	0.0	-0.085	0.070027	0.013871	551	529	3	3250
203	115.842461859	130	0.0	-0.085	-0.052525	0.023448	1036	590	3	3530
204	93.768259898	90	0.0	-0.085	-0.007922	0.035279	747	620	3	4426
205	104.768953066	90	0.0	-0.085	-0.030861	0.032061	897	597	3	3389
206	135.450660175	130	0.0	-0.085	-0.086491	0.000141	1123	513	3	3047
207	83.0822374082	50	0.0	-0.085	0.014612	0.035434	707	593	3	3349
262	77.3749521433	90	0.0	-0.085	0.026887	0.035039	666	598	4	3229
263	112.749689718	130	0.0	-0.085	-0.046618	0.026173	1023	624	4	2809
264	58.8855978792	50	0.0	-0.085	0.062356	0.018310	543	564	4	2849
265	128.061238962	130	0.0	-0.085	-0.074118	0.009658	1085	546	4	3329
266	104.513154141	90	0.0	-0.085	-0.031151	0.035338	950	597	4	3069
267	72.9187741244	50	0.0	-0.085	0.035503	0.030539	595	618	4	3149
268	114.638458091	130	0.0	-0.085	-0.050543	0.025200	1022	646	4	2909
269	76.85922001	90	0.0	-0.085	0.027594	0.033197	681	610	4	3209
270	72.0865503503	50	0.0	-0.085	0.037830	0.032030	599	587	4	3209
271	74.4100997279	50	0.0	-0.085	0.032825	0.032646	659	617	4	3169
272	111.798767281	90	0.0	-0.085	-0.044860	0.027165	985	623	4	2989
273	137.729514672	130	0.0	-0.085	-0.089912	-0.003271	1163	510	4	3069
274	62.0454439695	50	0.0	-0.085	0.056964	0.022339	550	533	4	3250
275	90.3775692847	90	0.0	-0.085	-0.000794	0.035487	722	624	4	3170
276	126.491447091	130	0.0	-0.085	-0.072353	0.012810	1070	578	4	2924
277	79.5798990315	50	0.0	-0.085	0.021842	0.033773	645	606	4	3029
278	129.011525743	130	0.0	-0.085	-0.076198	0.009058	1109	537	4	3029
279	123.52686089	90	0.0	-0.085	-0.067815	0.017353	1014	594	4	2869
