Trial#	TargetAngle	ArcAngle	XHomePosition(m)	YHomePosition(m)	XTarget(m)	YTarget(m)	XTouch	YTouch	Block#	Time(ms)
73	97.2053930877	90	0.0	-0.085	-0.014195	0.027280	732	858	1	3109
74	44.1729053438	50	0.0	-0.085	0.081582	-0.005740	384	693	1	4506
75	127.084179645	130	0.0	-0.085	-0.067233	0.003949	1051	706	1	2480
76	79.7389497206	90	0.0	-0.085	0.020281	0.027032	776	827	1	2754
77	48.8243250841	50	0.0	-0.085	0.075124	0.000887	405	739	1	2549
78	131.829425768	130	0.0	-0.085	-0.075134	-0.001054	1036	733	1	2629
79	134.21631722	130	0.0	-0.085	-0.085410	0.002779	1043	696	1	2549
80	46.137222818	50	0.0	-0.085	0.080260	-0.001489	346	732	1	2449
81	90.540848102	90	0.0	-0.085	-0.001072	0.028561	727	864	1	2429
82	131.839102507	130	0.0	-0.085	-0.075378	-0.000810	1087	694	1	2369
83	92.9617557348	90	0.0	-0.085	-0.005784	0.026793	809	846	1	2329
84	44.2155488711	50	0.0	-0.085	0.083067	-0.004177	377	719	1	2329
85	121.123846038	130	0.0	-0.085	-0.059106	0.012889	1062	729	1	2329
86	47.0042388558	50	0.0	-0.085	0.078108	-0.001227	371	707	1	2349
87	85.3849414396	90	0.0	-0.085	0.009245	0.029528	746	840	1	2419
88	80.6447716446	90	0.0	-0.085	0.018315	0.026171	771	859	1	2350
89	45.0024911672	50	0.0	-0.085	0.080495	-0.004498	392	722	1	2725
90	123.967622957	130	0.0	-0.085	-0.063914	0.009872	1055	699	1	2486
145	77.1479490134	90	0.0	-0.085	0.026433	0.030858	670	843	2	5674
146	40.082256744	50	0.0	-0.085	0.089422	-0.009747	407	760	2	2325
147	111.360743418	130	0.0	-0.085	-0.041826	0.021943	1106	673	2	3088
148	133.718726191	130	0.0	-0.085	-0.078176	-0.003247	1081	663	2	2350
149	86.1400670534	90	0.0	-0.085	0.007676	0.028768	548	810	2	3869
150	44.0360769556	50	0.0	-0.085	0.083158	-0.004594	262	620	2	2349
151	137.071028895	130	0.0	-0.085	-0.083725	-0.007119	1120	633	2	3852
152	93.5993486558	90	0.0	-0.085	-0.007156	0.028762	823	846	2	2569
153	55.8291166561	50	0.0	-0.085	0.065194	0.011035	368	726	2	2756
154	137.059649797	130	0.0	-0.085	-0.084143	-0.006699	1098	697	2	2169
155	61.4980705486	50	0.0	-0.085	0.055330	0.016897	384	758	2	2249
156	96.6807232645	90	0.0	-0.085	-0.013322	0.028735	911	823	2	2249
157	135.018953052	130	0.0	-0.085	-0.081649	-0.003405	1167	608	2	2216
158	101.219436669	90	0.0	-0.085	-0.022806	0.029974	802	865	2	2229
159	59.1493238869	50	0.0	-0.085	0.057839	0.011831	434	748	2	2269
160	59.2512291222	50	0.0	-0.085	0.057533	0.011709	362	702	2	2352
161	95.8715994607	90	0.0	-0.085	-0.011885	0.030569	899	817	2	2329
162	146.222956883	130	0.0	-0.085	-0.093550	-0.022428	1105	676	2	2229
217	44.8790089888	50	0.0	-0.085	0.082335	-0.003012	391	751	3	3033
218	109.000758215	130	0.0	-0.085	-0.036637	0.021397	870	835	3	2149
219	92.8990212312	90	0.0	-0.085	-0.005770	0.028940	789	845	3	2209
220	52.4344094025	50	0.0	-0.085	0.068831	0.004490	348	779	3	2209
221	133.970924012	130	0.0	-0.085	-0.076922	-0.005264	990	793	3	2210
222	95.532495206	90	0.0	-0.085	-0.010953	0.028079	810	839	3	4944
223	95.3801163944	90	0.0	-0.085	-0.010755	0.029199	807	866	3	2250
224	55.7191370411	50	0.0	-0.085	0.064086	0.009014	399	727	3	2237
225	141.419257883	130	0.0	-0.085	-0.087674	-0.015059	1177	582	3	2309
226	134.550721222	130	0.0	-0.085	-0.079901	-0.003836	1129	655	3	2269
227	48.8142174275	50	0.0	-0.085	0.074673	0.000341	350	671	3	2649
228	119.561370301	90	0.0	-0.085	-0.055273	0.012451	960	789	3	2949
229	141.305773182	130	0.0	-0.085	-0.089687	-0.013162	1157	604	3	3229
230	77.9124240213	90	0.0	-0.085	0.023572	0.025070	496	870	3	2269
231	53.5725129339	50	0.0	-0.085	0.067475	0.006429	290	737	3	2189
232	73.0555687102	50	0.0	-0.085	0.033993	0.026573	444	766	3	2189
233	134.146583879	130	0.0	-0.085	-0.080152	-0.002424	940	811	3	2229
234	92.0950908869	90	0.0	-0.085	-0.004263	0.031531	567	851	3	2265
289	129.298973138	130	0.0	-0.085	-0.071531	0.002397	1016	783	4	2508
290	64.3845096183	50	0.0	-0.085	0.050482	0.020291	362	671	4	2189
291	104.133221736	90	0.0	-0.085	-0.028166	0.026859	751	835	4	2789
292	89.4647498197	90	0.0	-0.085	0.001078	0.030391	768	838	4	2304
293	127.442627253	130	0.0	-0.085	-0.070967	0.007678	1042	741	4	2189
294	56.7615831878	50	0.0	-0.085	0.061463	0.008788	360	696	4	2149
295	91.1753056847	90	0.0	-0.085	-0.002376	0.030813	749	837	4	2189
296	111.940502555	130	0.0	-0.085	-0.041328	0.017597	841	847	4	2169
297	58.5250173457	50	0.0	-0.085	0.059733	0.012571	383	732	4	2189
298	118.379694449	130	0.0	-0.085	-0.053695	0.014391	958	805	4	2149
299	88.4776230592	90	0.0	-0.085	0.002991	0.027542	606	815	4	2314
300	52.8406241853	50	0.0	-0.085	0.066999	0.003398	299	664	4	2189
301	98.0564216892	90	0.0	-0.085	-0.015844	0.026936	586	823	4	2229
302	145.573776099	130	0.0	-0.085	-0.093607	-0.020843	1168	605	4	2210
303	60.3002529855	50	0.0	-0.085	0.056715	0.014433	316	616	4	2150
304	95.8946360996	90	0.0	-0.085	-0.011736	0.028671	649	833	4	2179
305	57.8158348911	50	0.0	-0.085	0.062588	0.014449	321	703	4	2230
306	135.139618941	130	0.0	-0.085	-0.078572	-0.006810	1094	699	4	2190
