trial	targetangle_deg	arcangle_deg	homex_cm	homey_cm	handx_cm	handy_cm	tapx_cm	tapy_cm	block	time_ms	selected
139	44.918	130	0	0	7.8881	7.8655	5.4139	8.3813	1	2129	1
140	89.225	50	0	0	0.1498	11.081	-2.6609	11.821	1	2129	1
141	135.56	90	0	0	-7.958	7.8037	-7.8059	8.324	1	2169	1
142	88.468	90	0	0	0.2997	11.203	-0.68389	12.309	1	2229	1
143	45.612	130	0	0	7.7387	7.9057	7.0574	8.152	1	2169	1
144	135.54	50	0	0	-7.9587	7.8099	-8.711	7.7507	1	2129	1
145	135	50	0	0	-7.8412	7.8415	-8.9731	7.894	1	2089	1
146	87.952	90	0	0	0.3977	11.12	0.93583	9.8147	1	2209	1
147	45.438	130	0	0	7.816	7.9363	6.4143	5.658	1	2149	1
148	89.373	130	0	0	0.1222	11.17	-1.0174	9.8433	1	2149	1
149	136.66	50	0	0	-8.1018	7.6446	-8.8063	6.432	1	2702	1
150	44.6	90	0	0	7.8826	7.7733	7.1527	4.4827	1	2149	1
151	89.415	50	0	0	0.114	11.167	2.1744	9.2413	1	2169	1
152	47.38	130	0	0	7.7025	8.3705	7.0812	6.002	1	2290	1
153	136.22	90	0	0	-8.0365	7.7005	-6.9722	7.4067	1	2210	1
154	135.36	90	0	0	-7.923	7.8239	-7.5201	8.3813	1	2269	1
155	88.959	50	0	0	0.2019	11.113	2.5079	8.4673	1	2309	1
156	45.243	130	0	0	7.7561	7.8223	8.2484	4.884	1	2070	1
283	89.857	90	0	0	0.0277	11.103	2.7461	9.7287	2	2150	1
284	47.428	130	0	0	7.6406	8.3171	6.2952	5.9733	2	2089	1
285	135.08	50	0	0	-7.9154	7.8932	-8.2347	8.2093	2	2069	1
286	88.384	90	0	0	0.315	11.165	3.0319	8.3527	2	2169	1
287	135.52	50	0	0	-7.9978	7.8543	-8.3061	7.4353	2	2149	1
288	45.911	130	0	0	7.738	7.9882	6.9622	5.2567	2	2169	1
289	47.17	90	0	0	7.728	8.3366	6.724	6.7187	2	2149	1
290	89.583	130	0	0	0.0812	11.154	-1.3508	10.216	2	2229	1
291	136.25	50	0	0	-7.9937	7.6527	-7.8297	7.0053	2	2250	1
292	87.508	50	0	0	0.4849	11.143	3.3654	8.9833	2	2270	1
293	47.039	90	0	0	7.7099	8.2791	8.3675	6.862	2	2170	1
294	135.78	130	0	0	-8.0587	7.8435	-7.8059	7.55	2	2350	1
295	43.638	130	0	0	8.1767	7.797	7.5338	4.4827	2	2129	1
296	88.724	50	0	0	0.2475	11.11	-0.064586	9.7287	2	2635	1
297	135.48	90	0	0	-8.0097	7.8771	-7.1866	8.754	2	2329	1
298	47.763	90	0	0	7.522	8.2849	5.6283	6.432	2	2854	1
299	89.482	50	0	0	0.1012	11.183	-0.088406	9.184	2	2718	1
300	135.02	130	0	0	-7.935	7.9291	-6.9722	8.238	2	2672	1
427	44.296	90	0	0	7.9145	7.7223	6.581	7.894	3	2110	1
428	134.34	50	0	0	-7.7807	7.9626	-7.0675	7.8653	3	2029	1
429	88.877	130	0	0	0.2187	11.155	-0.4457	10.646	3	2169	1
430	47.651	90	0	0	7.5677	8.3024	5.7474	7.2633	3	2029	1
431	88.622	50	0	0	0.2681	11.148	0.57854	9.8433	3	2189	1
432	134.6	130	0	0	-7.8554	7.9654	-7.6868	7.8653	3	2069	1
433	88.517	90	0	0	0.2889	11.161	-0.63625	9.442	3	2149	1
434	46.039	130	0	0	7.866	8.1566	6.7478	5.4	3	2049	1
435	134.24	50	0	0	-7.7878	7.9971	-8.0441	6.0593	3	2129	1
436	47.068	50	0	0	7.5858	8.1541	6.7716	5.0273	3	1985	1
437	134.15	90	0	0	-7.7207	7.9525	-7.925	7.1487	3	2050	1
438	88.408	130	0	0	0.3126	11.248	-1.4461	9.2127	3	2110	1
439	87.645	90	0	0	0.4676	11.371	-1.8272	9.614	3	2110	1
440	133.19	130	0	0	-7.6085	8.1046	-9.64	6.9767	3	2069	1
441	48.075	50	0	0	7.718	8.5943	7.3433	6.5467	3	2070	1
442	133.11	130	0	0	-7.5905	8.1087	-9.1398	6.3747	3	2009	1
443	88.34	90	0	0	0.3271	11.286	-2.1607	10.13	3	2169	1
444	48.051	50	0	0	7.6137	8.4709	7.6053	6.3173	3	2049	1
571	44.158	50	0	0	8.0191	7.7868	5.3186	8.7253	4	2149	1
572	89.501	90	0	0	0.0974	11.186	-1.4461	10.589	4	2069	1
573	135.3	130	0	0	-7.9146	7.832	-9.9497	6.174	4	2029	1
574	87.938	50	0	0	0.4012	11.143	-1.3032	10.589	4	2149	1
575	134.56	130	0	0	-7.8149	7.9361	-8.854	7.98	4	2029	1
576	47.182	90	0	0	7.769	8.3846	5.6283	7.4067	4	2029	1
577	134.37	50	0	0	-7.7478	7.919	-8.7349	6.604	4	2089	1
578	88.335	130	0	0	0.3257	11.206	-1.2317	10.216	4	2149	1
579	45.525	90	0	0	7.9525	8.0996	6.2714	6.8333	4	2049	1
580	135.04	90	0	0	-7.8713	7.8604	-8.6396	7.0627	4	2069	1
581	46.535	50	0	0	7.6514	8.0729	4.9137	6.432	4	1989	1
582	88.834	130	0	0	0.228	11.203	-1.0412	9.958	4	2109	1
583	48.257	130	0	0	7.66	8.5843	7.3433	6.8907	4	2069	1
584	88.167	50	0	0	0.3597	11.239	-1.1126	9.6713	4	2149	1
585	135.3	90	0	0	-8.0334	7.9503	-9.116	6.5467	4	2029	1
586	133.15	90	0	0	-7.61	8.1171	-9.5209	6.346	4	2049	1
587	87.871	50	0	0	0.4212	11.329	-1.4938	9.9293	4	2069	1
588	48.055	130	0	0	7.6342	8.4949	5.7235	8.1233	4	2009	1
