trial	targetangle_deg	arcangle_deg	homex_cm	homey_cm	handx_cm	handy_cm	tapx_cm	tapy_cm	block	time_ms	selected
73	91.074	130	0	0	-0.1443	7.6971	-3.0201	11.805	1	6243	0
74	20.6	50	0	0	11.217	4.2163	10.223	5.6993	1	9381	1
75	85.016	90	0	0	0.9859	11.306	-2.8058	12.207	1	4699	1
76	56.332	50	0	0	6.4129	9.6272	3.7446	10.544	1	3305	1
77	98.137	130	0	0	-1.5969	11.168	-4.7113	10.515	1	2889	1
78	102.29	90	0	0	-2.4127	11.076	-4.616	11.146	1	2870	1
79	97.148	130	0	0	-1.4089	11.234	-5.1877	9.8847	1	3163	1
80	73.026	90	0	0	3.3066	10.833	0.19548	11.375	1	3725	1
81	42.106	50	0	0	8.3128	7.5128	7.0078	8.5947	1	3039	1
82	96.14	130	0	0	-1.1811	10.98	-4.6875	10.945	1	2857	1
83	67.151	90	0	0	4.447	10.554	-0.23327	11.949	1	5218	1
84	27.347	50	0	0	10.277	5.3153	9.8424	7.1327	1	3760	1
85	137.84	130	0	0	-8.5544	7.7445	-11.381	6.5593	1	5954	1
86	51.511	50	0	0	7.1835	9.0346	5.3643	11.289	1	3030	1
87	68.846	90	0	0	4.1144	10.633	2.6727	11.031	1	2833	1
88	38.431	50	0	0	8.9977	7.1394	8.0797	7.19	1	2574	1
89	117.74	130	0	0	-5.2333	9.9529	-7.784	9.3113	1	2790	1
90	80.216	90	0	0	1.9119	11.088	-1.1146	12.207	1	2642	1
145	76.167	90	0	0	2.6941	10.941	-1.5433	14.471	2	4051	0
146	96.614	130	0	0	-1.2963	11.181	-3.6871	12.35	2	4747	1
147	44.997	50	0	0	8.1527	8.1518	8.4847	8.738	2	3229	1
148	47.511	50	0	0	7.7041	8.4107	8.2703	8.5373	2	3209	1
149	71.853	90	0	0	3.4755	10.604	1.4341	13.554	2	3389	1
150	92.032	130	0	0	-0.3999	11.271	-4.5684	11.834	2	3069	1
151	134.98	130	0	0	-7.8874	7.8929	-11.119	5.4987	2	3409	1
152	46.743	50	0	0	8.0555	8.5612	6.5315	8.9387	2	2769	1
153	74.204	90	0	0	3.0757	10.872	0.62423	11.576	2	4581	1
154	104.44	130	0	0	-2.8175	10.943	-4.5684	10.917	2	3129	1
155	67.28	90	0	0	4.3485	10.385	2.8871	12.178	2	2389	1
156	39.578	50	0	0	8.8548	7.3196	8.5799	7.5627	2	2470	1
157	100.7	130	0	0	-2.0921	11.077	-5.8785	11.146	2	2510	1
158	76.476	90	0	0	2.71	11.268	0.31458	11.834	2	2390	1
159	47.416	50	0	0	7.7044	8.3831	8.2226	9.512	2	4888	1
160	80.146	90	0	0	1.9416	11.178	-0.61438	12.264	2	2709	1
161	105.23	130	0	0	-2.9649	10.889	-4.2826	11.949	2	5129	1
162	42.663	50	0	0	8.4752	7.8105	6.8411	10.085	2	2869	1
217	46.196	50	0	0	7.7145	8.0435	6.9126	9.34	3	2949	1
218	104.22	130	0	0	-2.7609	10.896	-6.1643	10.229	3	4209	1
219	80.553	90	0	0	1.844	11.082	-1.6148	11.519	3	2801	1
220	78.262	90	0	0	2.3093	11.114	0.3384	12.407	3	2729	1
221	115.21	130	0	0	-4.75	10.091	-6.2358	11.031	3	2811	1
222	42.455	50	0	0	8.2303	7.5298	9.2231	7.362	3	3179	1
223	42.665	50	0	0	8.3131	7.6618	6.9602	9.5407	3	2849	1
224	112.34	130	0	0	-4.2327	10.301	-8.2604	9.598	3	3049	1
225	70.863	90	0	0	3.6803	10.606	1.7199	11.949	3	2829	1
226	122.28	130	0	0	-6.0417	9.5628	-5.8308	10.859	3	2929	1
227	42.655	50	0	0	8.4317	7.7683	8.437	8.8527	3	3989	1
228	81.283	90	0	0	1.7124	11.168	-0.4	13.095	3	2689	1
229	79.239	90	0	0	2.0792	10.94	0.24312	12.264	3	2642	1
230	43.852	50	0	0	8.2091	7.8865	7.4842	10.429	3	2710	1
231	115.47	130	0	0	-4.8164	10.112	-6.9265	10.773	3	2660	1
232	78.702	90	0	0	2.2146	11.085	1.053	12.551	3	2730	1
233	114.79	130	0	0	-4.7149	10.209	-7.7126	10.802	3	2729	1
234	43.427	50	0	0	8.2875	7.8445	8.1035	9.9707	3	2809	1
289	50.683	50	0	0	7.2112	8.8049	7.2699	9.6553	4	3870	1
290	125	130	0	0	-6.3647	9.0884	-7.522	9.942	4	2729	1
291	80.637	90	0	0	1.7981	10.905	0.0049276	12.379	4	2590	1
292	122.27	130	0	0	-5.9766	9.4659	-7.4506	9.8273	4	3643	1
293	80.785	90	0	0	1.7982	11.084	-1.4481	12.321	4	2710	1
294	44.015	50	0	0	8.1629	7.8869	7.389	10.286	4	4029	1
295	79.579	90	0	0	2.0317	11.047	-1.186	13.497	4	2589	1
296	130.16	130	0	0	-7.2049	8.5384	-7.6649	10.945	4	2609	1
297	47.093	50	0	0	7.687	8.2703	6.5076	9.9707	4	3816	1
298	47.681	50	0	0	7.5119	8.2499	6.5315	9.9707	4	3000	1
299	127.59	130	0	0	-6.8011	8.8349	-6.9742	9.5693	4	5707	1
300	81.031	90	0	0	1.7619	11.163	0.26694	12.264	4	2576	1
301	119.58	130	0	0	-5.5459	9.7687	-5.7356	8.7667	4	3120	1
302	49.917	50	0	0	7.3589	8.7442	6.984	9.168	4	2349	1
303	82.085	90	0	0	1.5321	11.02	-0.59056	11.347	4	2409	1
304	133.15	130	0	0	-7.6597	8.1719	-7.3791	9.7987	4	2389	1
305	80.165	90	0	0	1.9217	11.085	-0.49528	11.576	4	2629	1
306	50.893	50	0	0	7.2572	8.9279	6.5315	9.4547	4	2789	1
