trial	targetangle_deg	arcangle_deg	homex_cm	homey_cm	handx_cm	handy_cm	tapx_cm	tapy_cm	block	time_ms	selected
139	53.905	50	0	0	6.7403	9.245	8.6624	8.0213	1	2288	1
140	143.66	130	0	0	-9.4523	6.9525	-9.8215	7.3047	1	2349	1
141	99.72	90	0	0	-1.9052	11.122	-0.26993	12.551	1	2354	1
142	46.017	50	0	0	8.0779	8.3698	9.8533	7.2187	1	2349	1
143	78.781	90	0	0	2.2305	11.245	4.494	12.207	1	2369	1
144	158.57	130	0	0	-10.441	4.0979	-10.274	6.158	1	2349	1
145	66.72	50	0	0	4.4901	10.436	6.6377	10.458	1	2409	1
146	122.2	90	0	0	-5.9379	9.4279	-3.5808	12.751	1	2329	0
147	142.8	130	0	0	-9.0781	6.8914	-9.1069	8.824	1	2389	1
148	129.45	130	0	0	-7.1391	8.6763	-5.7246	11.232	1	2349	1
149	74.442	90	0	0	3.0894	11.096	4.6607	11.404	1	2429	1
150	67.813	50	0	0	4.296	10.534	6.0184	11.146	1	2429	1
151	83.726	90	0	0	1.2449	11.324	2.8981	11.576	1	2429	1
152	55.308	50	0	0	6.5899	9.5199	8.6147	9.2827	1	2429	1
153	144.58	130	0	0	-9.287	6.6054	-9.3451	8.1647	1	2369	1
154	71.966	50	0	0	3.5458	10.891	5.2562	11.404	1	2289	1
155	82.811	90	0	0	1.4174	11.238	4.3272	11.576	1	2324	1
156	148.69	130	0	0	-10.072	6.1262	-8.44	8.1647	1	2329	1
283	73.275	50	0	0	3.3578	11.174	4.4225	11.863	2	2329	1
284	135.87	130	0	0	-8.1251	7.8822	-7.4396	9.6267	2	2270	1
285	84.044	90	0	0	1.1892	11.399	2.6599	12.035	2	2349	1
286	136.79	130	0	0	-8.1984	7.7022	-7.9398	8.9673	2	2368	1
287	68.131	50	0	0	4.2089	10.486	4.8989	11.404	2	2354	1
288	100.13	90	0	0	-1.9529	10.936	1.3021	12.35	2	2270	1
289	151.17	130	0	0	-9.8496	5.4217	-9.3451	7.276	2	2288	1
290	78.266	90	0	0	2.2557	10.86	3.4697	11.92	2	2289	1
291	45.838	50	0	0	7.9286	8.1641	9.7581	7.1327	2	2289	1
292	112.11	90	0	0	-4.358	10.729	-2.3184	11.232	2	2269	1
293	144.72	130	0	0	-9.4902	6.7148	-8.9164	7.3047	2	2249	1
294	70.442	50	0	0	3.7984	10.692	5.2324	11.461	2	2249	1
295	130.43	130	0	0	-7.3258	8.5982	-6.7965	9.7413	2	2229	1
296	77.473	50	0	0	2.4306	10.94	4.756	11.519	2	2229	1
297	87.191	90	0	0	0.5543	11.298	2.6837	12.035	2	2249	1
298	135.27	130	0	0	-8.1699	8.0927	-7.9398	8.8813	2	2249	1
299	71.224	50	0	0	3.6403	10.708	5.8278	9.856	2	2249	1
300	84.804	90	0	0	1.0366	11.4	4.494	11.633	2	2269	1
427	86.432	90	0	0	0.7191	11.534	1.3736	12.264	3	2250	1
428	70.69	50	0	0	3.6738	10.485	5.2562	10.773	3	2229	1
429	150.93	130	0	0	-9.9495	5.53	-9.6072	7.62	3	2209	1
430	125.66	130	0	0	-6.5908	9.1859	-5.3197	11.375	3	2269	1
431	95.072	90	0	0	-1.0117	11.399	-0.24611	12.694	3	2349	1
432	44.05	50	0	0	8.061	7.798	8.9006	8.136	3	2249	1
433	68.667	50	0	0	4.2289	10.828	4.5178	10.974	3	2329	1
434	132.15	130	0	0	-7.5679	8.3609	-7.4872	9.4833	3	2309	1
435	98.411	90	0	0	-1.6606	11.231	-1.4371	12.551	3	2309	1
436	84.941	90	0	0	0.9978	11.271	1.2069	12.035	3	2285	1
437	139.85	130	0	0	-8.5551	7.2167	-8.7258	7.3333	3	2309	1
438	63.103	50	0	0	5.1627	10.177	6.8283	10.2	3	2528	1
439	121.31	130	0	0	-5.7228	9.4084	-5.1053	11.404	3	2249	1
440	75.346	90	0	0	2.8754	10.997	3.8747	11.519	3	2249	1
441	44.612	50	0	0	7.9492	7.8423	8.3765	8.4227	3	2249	1
442	85.194	90	0	0	0.9549	11.357	2.0167	11.605	3	2269	1
443	134.79	130	0	0	-8.0027	8.0628	-7.9398	9.3113	3	2268	1
444	73.055	50	0	0	3.333	10.94	4.3987	12.121	3	2264	1
571	101.83	90	0	0	-2.4065	11.493	-0.43667	12.551	4	2270	1
572	151.4	130	0	0	-10.095	5.5046	-9.5119	7.7633	4	2229	1
573	52.793	50	0	0	6.8943	9.0807	8.972	7.7347	4	2269	1
574	79.481	50	0	0	2.0847	11.227	4.1605	11.117	4	2269	1
575	136.59	130	0	0	-8.3432	7.8912	-6.7726	10.401	4	2229	1
576	110.05	90	0	0	-3.8576	10.572	-3.0568	12.178	4	2249	1
577	111.6	130	0	0	-4.1549	10.495	-3.7238	12.207	4	2209	1
578	83.941	90	0	0	1.2083	11.384	2.3978	12.493	4	2269	1
579	66.643	50	0	0	4.5186	10.463	5.018	10.745	4	2269	1
580	76.61	50	0	0	2.6343	11.066	4.4463	11.576	4	2269	1
581	114.98	90	0	0	-4.9021	10.521	-3.6999	12.637	4	2228	1
582	111.38	130	0	0	-4.0789	10.418	-2.9615	11.691	4	2210	1
583	50.567	50	0	0	7.3481	8.9351	8.5671	7.5627	4	2308	1
584	120.2	130	0	0	-5.7482	9.8746	-3.4141	11.977	4	2249	1
585	75.483	90	0	0	2.8722	11.092	2.8981	12.407	4	2188	1
586	58.68	50	0	0	5.7613	9.4681	7.2094	10.028	4	2209	1
587	130.61	130	0	0	-7.737	9.024	-7.2252	10.143	4	2249	1
588	80.916	90	0	0	1.7943	11.222	2.5884	12.149	4	2229	1
