trial	targetangle_deg	arcangle_deg	homex_cm	homey_cm	handx_cm	handy_cm	tapx_cm	tapy_cm	block	time_ms	selected
46	91.006	90	0	0	-0.2139	12.182	-0.79396	11.633	1	7461	1
47	153.09	130	0	0	-10.942	5.5535	-8.8211	6.3873	1	5987	1
48	40.529	50	0	0	9.1568	7.8287	9.4008	6.7313	1	6734	1
49	136.51	130	0	0	-8.7643	8.314	-6.7488	9.168	1	5274	1
50	94.136	90	0	0	-0.8703	12.035	0.63521	11.146	1	5694	1
51	68.49	50	0	0	4.4148	11.202	3.7794	10.515	1	8623	1
52	41.962	50	0	0	8.9739	8.0694	9.5675	5.814	1	6598	1
53	153.29	130	0	0	-10.935	5.5026	-9.4166	6.3587	1	7608	1
54	113.34	90	0	0	-4.8028	11.131	-3.4379	10.831	1	7424	1
55	120.15	130	0	0	-6.1317	10.555	-4.7956	10.859	1	7560	1
56	52.842	50	0	0	7.49	9.8828	7.5667	9.5693	1	7768	1
57	93.011	90	0	0	-0.6369	12.107	0.015899	11.519	1	8101	1
58	151.84	130	0	0	-10.655	5.7047	-8.3685	7.104	1	8091	1
59	57.033	50	0	0	6.6675	10.28	6.5662	9.856	1	6460	1
60	95.13	90	0	0	-1.0796	12.026	0.9925	11.748	1	5890	1
61	38.936	50	0	0	9.5934	7.7508	9.8057	7.0467	1	6138	1
62	148.25	130	0	0	-10.236	6.3351	-9.5595	7.1613	1	6392	1
63	94.031	90	0	0	-0.8475	12.025	-0.15084	11.461	1	5732	1
118	88.893	90	0	0	0.2336	12.094	0.30173	12.006	2	4629	1
119	52.067	50	0	0	7.3796	9.4684	7.9716	9.5693	2	4152	1
120	132.22	130	0	0	-8.1119	8.9396	-7.3443	9.5407	2	4268	1
121	137.92	130	0	0	-9.0057	8.132	-7.1776	9.082	2	4320	1
122	57.447	50	0	0	6.5248	10.221	6.1851	10.687	2	4649	1
123	92.969	90	0	0	-0.6235	12.023	-0.46049	12.207	2	4250	1
124	140.25	130	0	0	-9.3739	7.7953	-8.0589	8.3367	2	4458	1
125	55.455	50	0	0	6.969	10.123	6.7806	10.343	2	4959	1
126	111.86	90	0	0	-4.4969	11.211	-2.9377	11.605	2	4810	1
127	89.348	90	0	0	0.1371	12.055	0.68284	11.805	2	4811	1
128	50.537	50	0	0	7.9348	9.6382	7.3285	9.856	2	5003	1
129	133.03	130	0	0	-8.3437	8.9381	-6.8203	9.3973	2	4557	1
130	139.59	130	0	0	-9.1832	7.8172	-6.3439	8.1647	2	4223	1
131	90.861	90	0	0	-0.1808	12.03	-0.38903	11.605	2	4941	1
132	52.498	50	0	0	7.6838	10.013	7.7334	9.3687	2	4555	1
133	49.4	50	0	0	7.8294	9.1347	7.7334	9.5693	2	4278	1
134	93.092	90	0	0	-0.6501	12.036	-0.15084	12.694	2	4289	1
135	135.25	130	0	0	-8.7445	8.6689	-7.9636	8.738	2	5848	1
190	54.464	50	0	0	7.0816	9.9147	6.733	9.8847	3	6706	1
191	141.9	130	0	0	-9.4744	7.4297	-8.9164	8.2507	3	4760	1
192	93.808	90	0	0	-0.8076	12.135	0.32555	12.407	3	4417	1
193	95.871	90	0	0	-1.2379	12.038	-0.17466	11.433	3	5872	1
194	152.81	130	0	0	-10.757	5.5269	-8.9879	6.3587	3	3932	1
195	43.442	50	0	0	8.9028	8.4313	9.6866	7.62	3	3828	1
196	133.92	130	0	0	-8.5411	8.8678	-7.6301	8.1073	3	4543	1
197	112.22	90	0	0	-4.5896	11.237	-3.2712	11.748	3	4717	1
198	43.916	50	0	0	8.7364	8.4118	9.4484	7.2187	3	5202	1
199	79.995	90	0	0	2.1102	11.962	3.4459	11.547	3	5719	1
200	69.004	50	0	0	4.3894	11.437	4.8751	10.716	3	5537	1
201	146.2	130	0	0	-10.178	6.8131	-9.4166	6.846	3	7429	1
202	139.79	130	0	0	-9.2891	7.8534	-8.44	7.5627	3	6232	1
203	88.756	90	0	0	0.2625	12.085	0.89722	12.121	3	5198	1
204	55.083	50	0	0	6.8909	9.8717	7.4952	9.2827	3	5087	1
205	45.937	50	0	0	8.5231	8.8065	9.234	7.534	3	5919	1
206	107.21	90	0	0	-3.5912	11.595	-3.2235	11.576	3	5977	1
207	151.15	130	0	0	-10.558	5.8161	-9.7501	6.7887	3	4671	1
262	52	50	0	0	7.5986	9.7259	7.7096	8.652	4	5821	1
263	140.62	130	0	0	-9.3739	7.6948	-8.178	8.1073	4	4314	1
264	94.746	90	0	0	-0.9957	11.992	-0.38903	12.264	4	4686	1
265	47.795	50	0	0	8.1131	8.946	8.8053	8.05	4	4264	1
266	157.81	130	0	0	-11.239	4.5844	-9.0117	7.2187	4	4086	1
267	108.76	90	0	0	-3.8894	11.452	-3.5808	11.203	4	4544	1
268	149.82	130	0	0	-10.478	6.0932	-9.7501	6.4733	4	4150	1
269	45.028	50	0	0	8.6723	8.6809	9.2578	6.76	4	4562	1
270	111.06	90	0	0	-4.4098	11.452	-3.2474	11.691	4	4397	1
271	153.88	130	0	0	-10.796	5.2933	-8.8688	5.9573	4	4271	1
272	94.157	90	0	0	-0.8726	12.006	0.80194	12.321	4	4275	1
273	51.341	50	0	0	7.5725	9.4659	7.9954	9.2253	4	4263	1
274	141.6	130	0	0	-9.5327	7.5564	-7.4396	9.082	4	3901	1
275	58.211	50	0	0	6.3739	10.285	6.6853	8.9673	4	3907	1
276	116.73	90	0	0	-5.4262	10.777	-3.4856	10.917	4	4047	1
277	152.37	130	0	0	-10.906	5.7092	-9.7977	6.1007	4	3719	1
278	80.88	90	0	0	1.9244	11.988	3.8508	11.576	4	4177	1
279	47.82	50	0	0	8.1752	9.0222	9.0911	7.6773	4	3974	1
