Trial#	TargetAngle	ArcAngle	XHomePosition(m)	YHomePosition(m)	XTarget(m)	YTarget(m)	XTouch	YTouch	Block#	Time(ms)
139	151.920725312	130	0.0	-0.085	-0.098132	-0.032648	980	773	1	3999
140	99.0237899716	90	0.0	-0.085	-0.017596	0.025799	581	798	1	3337
141	57.2091319699	50	0.0	-0.085	0.061620	0.010649	466	791	1	3273
142	114.825345377	90	0.0	-0.085	-0.047153	0.016930	548	829	1	3125
143	166.812588997	130	0.0	-0.085	-0.108742	-0.059520	1061	781	1	2807
144	85.9055453426	50	0.0	-0.085	0.008080	0.027875	316	682	1	2617
145	152.811182066	130	0.0	-0.085	-0.101436	-0.032894	1056	757	1	2529
146	118.483450976	90	0.0	-0.085	-0.053313	0.013258	703	846	1	2609
147	91.6580814555	50	0.0	-0.085	-0.003230	0.026583	370	733	1	2349
148	82.2103869604	50	0.0	-0.085	0.015179	0.025959	347	727	1	2249
149	177.810699478	130	0.0	-0.085	-0.113186	-0.080673	1095	716	1	2229
150	130.968507563	90	0.0	-0.085	-0.073744	-0.000073	793	856	1	2329
151	133.145081909	90	0.0	-0.085	-0.075785	-0.004142	857	816	1	2768
152	160.426281755	130	0.0	-0.085	-0.106849	-0.047008	1097	673	1	2425
153	90.4632911241	50	0.0	-0.085	-0.000896	0.025807	458	765	1	2295
154	91.8735436814	50	0.0	-0.085	-0.003626	0.025849	394	768	1	2150
155	133.10802373	90	0.0	-0.085	-0.076577	-0.003191	814	831	1	2396
156	170.255245247	130	0.0	-0.085	-0.113598	-0.065491	1105	718	1	2090
283	120.824156867	90	0.0	-0.085	-0.057419	0.011229	620	831	2	2710
284	176.678594579	130	0.0	-0.085	-0.112347	-0.078480	1095	707	2	2230
285	92.7121587671	50	0.0	-0.085	-0.005285	0.026565	381	723	2	2336
286	172.362317525	130	0.0	-0.085	-0.114133	-0.069695	1100	723	2	2149
287	132.80833482	90	0.0	-0.085	-0.075490	-0.003502	633	834	2	2109
288	87.2705842026	50	0.0	-0.085	0.005392	0.028103	337	709	2	2189
289	100.835729213	50	0.0	-0.085	-0.021445	0.027039	352	691	2	2164
290	135.334099988	90	0.0	-0.085	-0.081157	-0.004784	605	830	2	2109
291	179.432439686	130	0.0	-0.085	-0.113869	-0.083872	1090	690	2	2169
292	90.0444497812	50	0.0	-0.085	-0.000088	0.028432	342	692	2	2129
293	155.827749501	130	0.0	-0.085	-0.104321	-0.038177	1053	754	2	2129
294	135.358001948	90	0.0	-0.085	-0.080279	-0.005718	692	836	2	2122
295	86.3254117488	50	0.0	-0.085	0.007199	0.027096	321	677	2	2109
296	126.957040823	90	0.0	-0.085	-0.068623	0.006208	599	824	2	2109
297	162.201261753	130	0.0	-0.085	-0.106594	-0.050779	1015	786	2	2044
298	144.26025975	130	0.0	-0.085	-0.092305	-0.018575	903	845	2	2089
299	137.224067085	90	0.0	-0.085	-0.081771	-0.009343	638	845	2	2029
300	93.1342305223	50	0.0	-0.085	-0.006162	0.027533	299	672	2	2149
427	127.514866944	90	0.0	-0.085	-0.068305	0.003969	761	878	3	2707
428	91.8106525327	50	0.0	-0.085	-0.003574	0.028057	680	899	3	2759
429	153.504519695	130	0.0	-0.085	-0.102513	-0.033899	787	875	3	3113
430	181.94625942	130	0.0	-0.085	-0.116651	-0.088964	961	864	3	2606
431	132.384567339	90	0.0	-0.085	-0.076505	-0.001171	797	899	3	2416
432	82.7342334801	50	0.0	-0.085	0.014336	0.027443	137	582	3	2520
433	124.766747494	90	0.0	-0.085	-0.064161	0.007430	712	863	3	2219
434	88.9566441852	50	0.0	-0.085	0.002084	0.029430	674	899	3	2681
435	143.427453664	130	0.0	-0.085	-0.093468	-0.015654	908	887	3	2634
436	126.050807531	90	0.0	-0.085	-0.066329	0.006124	821	899	3	2303
437	79.3304699837	50	0.0	-0.085	0.020918	0.026029	178	535	3	2388
438	136.36064318	130	0.0	-0.085	-0.082022	-0.006784	801	899	3	2512
439	60.6869481814	50	0.0	-0.085	0.054966	0.012896	179	495	3	2508
440	127.041769382	130	0.0	-0.085	-0.070005	0.007759	799	899	3	2881
441	116.689502776	90	0.0	-0.085	-0.050400	0.015255	773	899	3	2226
442	143.410911255	130	0.0	-0.085	-0.089287	-0.018716	847	899	3	2296
443	137.678322153	90	0.0	-0.085	-0.083253	-0.009188	853	899	3	2160
444	92.0210071567	50	0.0	-0.085	-0.003984	0.027900	196	635	3	2443
571	150.723335738	130	0.0	-0.085	-0.100250	-0.028796	1206	679	4	4385
572	127.106346032	90	0.0	-0.085	-0.069645	0.007066	793	888	4	2049
573	76.9323387014	50	0.0	-0.085	0.025709	0.025761	201	532	4	2206
574	53.0081646962	50	0.0	-0.085	0.069381	0.007099	269	520	4	2352
575	151.272235294	130	0.0	-0.085	-0.101114	-0.029578	810	878	4	2660
576	116.747547356	90	0.0	-0.085	-0.051943	0.018064	747	899	4	2147
577	51.9006439976	50	0.0	-0.085	0.069069	0.003089	190	523	4	2289
578	130.645231443	90	0.0	-0.085	-0.074167	0.001394	746	899	4	1990
579	162.627369005	130	0.0	-0.085	-0.107471	-0.051377	1084	757	4	2009
580	112.858411064	90	0.0	-0.085	-0.044132	0.019687	843	899	4	2029
581	86.9919679708	50	0.0	-0.085	0.005915	0.027563	195	521	4	2201
582	148.541923435	130	0.0	-0.085	-0.095890	-0.026335	1084	711	4	2267
583	120.213357056	50	0.0	-0.085	-0.056269	0.011628	194	566	4	2029
584	121.964906655	90	0.0	-0.085	-0.059814	0.010853	731	849	4	1989
585	143.102320486	130	0.0	-0.085	-0.091040	-0.016651	1027	882	4	2065
586	130.616633787	90	0.0	-0.085	-0.073322	0.000496	719	899	4	1989
587	125.881509703	50	0.0	-0.085	-0.066420	0.006818	214	592	4	2029
588	142.07754693	130	0.0	-0.085	-0.089270	-0.015449	814	899	4	2091
