Trial#	TargetAngle	ArcAngle	XHomePosition(m)	YHomePosition(m)	XTarget(m)	YTarget(m)	XTouch	YTouch	Block#	Time(ms)
139	53.230013018	50	0.0	-0.085	0.068725	0.006967	389	469	1	3358
140	104.58508204	90	0.0	-0.085	-0.028915	0.026125	665	640	1	2664
141	172.625372754	130	0.0	-0.085	-0.112434	-0.070448	1168	477	1	2509
142	96.3051945684	90	0.0	-0.085	-0.012370	0.026953	600	608	1	2610
143	181.682631888	130	0.0	-0.085	-0.116490	-0.088422	1227	402	1	2470
144	78.9474569324	50	0.0	-0.085	0.021869	0.026958	422	450	1	2329
145	114.13015474	90	0.0	-0.085	-0.045887	0.017437	730	628	1	2450
146	179.475541276	130	0.0	-0.085	-0.112194	-0.083973	1218	485	1	2370
147	79.6118984296	50	0.0	-0.085	0.020156	0.024950	425	482	1	2399
148	175.333079149	130	0.0	-0.085	-0.111547	-0.075894	1169	465	1	2429
149	116.576330762	90	0.0	-0.085	-0.050816	0.016582	724	649	1	2389
150	75.1358874653	50	0.0	-0.085	0.029372	0.025667	383	458	1	2400
151	174.181168093	130	0.0	-0.085	-0.114338	-0.073348	1207	455	1	2449
152	69.8448374201	50	0.0	-0.085	0.039477	0.022555	425	472	1	2394
153	150.312222867	90	0.0	-0.085	-0.100439	-0.027739	1019	619	1	2391
154	110.694155262	50	0.0	-0.085	-0.040288	0.021652	619	625	1	2426
155	145.286568191	130	0.0	-0.085	-0.093542	-0.020196	1103	576	1	2309
156	116.749122281	90	0.0	-0.085	-0.050123	0.014446	742	644	1	2309
283	57.7082238403	50	0.0	-0.085	0.060962	0.011463	416	458	2	2419
284	108.437315863	90	0.0	-0.085	-0.036313	0.023924	688	645	2	2490
285	169.842313952	130	0.0	-0.085	-0.112432	-0.064856	1208	429	2	2389
286	163.175764009	130	0.0	-0.085	-0.108430	-0.052213	1198	434	2	2430
287	100.001303096	50	0.0	-0.085	-0.019425	0.025150	690	624	2	2592
288	105.574283538	90	0.0	-0.085	-0.030297	0.023700	727	640	2	2410
289	173.922221425	130	0.0	-0.085	-0.109620	-0.073328	1209	458	2	2349
290	82.2918319509	50	0.0	-0.085	0.015357	0.028461	396	477	2	2429
291	133.467271535	90	0.0	-0.085	-0.077110	-0.003650	925	597	2	2412
292	90.8748401974	90	0.0	-0.085	-0.001716	0.027377	579	600	2	2460
293	89.2617667684	50	0.0	-0.085	0.001448	0.027376	627	621	2	2386
294	147.381586905	130	0.0	-0.085	-0.095989	-0.023569	1142	512	2	2389
295	145.910227961	130	0.0	-0.085	-0.095220	-0.020556	1124	503	2	2369
296	101.480975583	50	0.0	-0.085	-0.022177	0.024189	668	629	2	2329
297	115.995206567	90	0.0	-0.085	-0.049035	0.015558	688	633	2	2356
298	152.834876577	130	0.0	-0.085	-0.099195	-0.034097	1145	505	2	2349
299	147.196421129	90	0.0	-0.085	-0.094234	-0.024262	1028	586	2	2349
300	71.9474837747	50	0.0	-0.085	0.035794	0.024820	380	452	2	2313
427	141.527909172	90	0.0	-0.085	-0.087403	-0.015546	1029	628	3	2692
428	57.9271263556	50	0.0	-0.085	0.063122	0.015731	371	429	3	2476
429	165.996753656	130	0.0	-0.085	-0.111962	-0.057078	1173	456	3	2496
430	147.959446858	130	0.0	-0.085	-0.096465	-0.024627	1121	498	3	2429
431	101.405466313	90	0.0	-0.085	-0.022422	0.026146	646	595	3	2449
432	87.0125181378	50	0.0	-0.085	0.005985	0.029680	500	537	3	2429
433	158.594054801	130	0.0	-0.085	-0.106881	-0.043101	1147	517	3	2389
434	151.23638698	90	0.0	-0.085	-0.099667	-0.030290	1003	581	3	2369
435	70.2615089882	50	0.0	-0.085	0.039449	0.024944	391	474	3	2349
436	133.557682432	90	0.0	-0.085	-0.076794	-0.004239	977	614	3	2309
437	71.3052841806	50	0.0	-0.085	0.037067	0.024543	414	463	3	2369
438	154.352536662	130	0.0	-0.085	-0.101529	-0.036252	1123	516	3	2389
439	143.944861246	90	0.0	-0.085	-0.091501	-0.018386	1031	595	3	2349
440	150.180717462	130	0.0	-0.085	-0.099860	-0.027765	1029	588	3	2389
441	103.848276309	50	0.0	-0.085	-0.027162	0.025183	512	533	3	2249
442	97.5419803125	90	0.0	-0.085	-0.015136	0.029322	640	619	3	2449
443	91.8303124751	50	0.0	-0.085	-0.003619	0.028250	523	552	3	2349
444	151.783724294	130	0.0	-0.085	-0.099450	-0.031639	1033	590	3	2349
571	181.358552637	130	0.0	-0.085	-0.112373	-0.087665	1227	402	4	2994
572	45.9026391744	50	0.0	-0.085	0.079119	-0.003348	393	403	4	2558
573	115.862774788	90	0.0	-0.085	-0.049086	0.016256	772	653	4	2432
574	96.5197447885	50	0.0	-0.085	-0.012968	0.028471	673	630	4	2500
575	100.061623404	90	0.0	-0.085	-0.019922	0.027277	665	650	4	2690
576	171.124457432	130	0.0	-0.085	-0.113071	-0.067343	1211	459	4	2389
577	109.149827785	50	0.0	-0.085	-0.037348	0.022552	690	619	4	2489
578	128.478357651	90	0.0	-0.085	-0.069592	0.002557	910	639	4	2309
579	151.926819242	130	0.0	-0.085	-0.102867	-0.030136	1051	597	4	2369
580	143.096724727	90	0.0	-0.085	-0.090871	-0.016764	974	631	4	2399
581	146.558148787	130	0.0	-0.085	-0.093809	-0.023046	1003	600	4	2309
582	73.3372355029	50	0.0	-0.085	0.033862	0.028135	410	427	4	2389
583	91.6082623388	50	0.0	-0.085	-0.003278	0.031751	587	601	4	2329
584	120.502473868	90	0.0	-0.085	-0.057976	0.013414	814	656	4	2349
585	168.671236491	130	0.0	-0.085	-0.121697	-0.060619	1239	406	4	2449
586	144.719103979	130	0.0	-0.085	-0.092426	-0.019605	984	590	4	2409
587	146.35128179	90	0.0	-0.085	-0.095656	-0.021329	993	607	4	2469
588	76.241981673	50	0.0	-0.085	0.027237	0.026241	415	441	4	2449
