trial	targetangle_deg	arcangle_deg	homex_cm	homey_cm	handx_cm	handy_cm	tapx_cm	tapy_cm	block	time_ms	selected
73	113.72	130	0	0	-4.5115	10.267	-6.2338	10.302	1	8591	1
74	84.078	90	0	0	1.1724	11.303	1.6028	10.732	1	3899	1
75	73.373	50	0	0	3.2542	10.897	5.8426	9.1553	1	5305	1
76	135.72	130	0	0	-8.1786	7.9744	-9.64	7.6073	1	3623	1
77	82.693	90	0	0	1.4509	11.315	2.2697	10.417	1	4141	1
78	70.386	50	0	0	3.8419	10.781	7.2003	6.3747	1	3891	1
79	52.911	50	0	0	6.8369	9.0435	9.2726	4.3393	1	3491	1
80	148.16	130	0	0	-9.608	5.9667	-11.26	5.142	1	3451	1
81	87.035	90	0	0	0.5804	11.205	2.6747	11.019	1	3763	1
82	152.42	130	0	0	-9.979	5.2126	-10.212	5.658	1	3077	1
83	86.257	90	0	0	0.7392	11.3	2.627	10.589	1	4774	1
84	53.709	50	0	0	7.4635	10.163	8.8439	4.2247	1	3145	1
85	73.936	50	0	0	3.1623	10.982	7.2718	6.8047	1	3718	1
86	98.175	90	0	0	-1.5952	11.104	0.030691	11.764	1	3536	1
87	127.99	130	0	0	-6.8987	8.8328	-9.9735	7.1487	1	3250	1
88	132.85	90	0	0	-7.6322	8.227	-5.8051	10.359	1	3161	1
89	48.183	50	0	0	8.0396	8.9865	8.3199	5.4	1	3531	1
90	148.61	130	0	0	-9.9124	6.0492	-10.235	5.6007	1	3020	1
145	41.486	50	0	0	8.3584	7.3912	8.7248	5.5147	2	3197	1
146	147.47	130	0	0	-9.41	6.0009	-10.045	6.3747	2	2369	1
147	102.92	90	0	0	-2.5833	11.265	-1.6605	11.821	2	2545	1
148	127.3	90	0	0	-6.9106	9.07	-5.0429	10.99	2	2663	1
149	137.78	130	0	0	-8.2667	7.501	-6.2338	10.388	2	2541	1
150	57.676	50	0	0	6.0516	9.5637	8.2008	6.1167	2	2531	1
151	141.17	130	0	0	-8.6302	6.9461	-7.4248	9.2413	2	2627	1
152	130.94	90	0	0	-7.3829	8.5121	-5.4478	11.42	2	2670	1
153	66.703	50	0	0	4.5024	10.456	8.5104	6.0307	2	2552	1
154	107.04	90	0	0	-3.2454	10.588	-0.2075	11.334	2	2740	1
155	160.98	130	0	0	-11.089	3.8226	-10.331	6.4607	2	2530	1
156	27.882	50	0	0	10.837	5.7336	8.9392	4.368	2	2754	1
157	128.59	130	0	0	-7.0338	8.8133	-3.304	11.879	2	2503	1
158	86.925	50	0	0	0.6134	11.42	4.2944	9.184	2	2685	1
159	92.863	90	0	0	-0.5604	11.205	1.3646	11.219	2	2623	1
160	159.09	130	0	0	-10.855	4.1472	-10.116	6.9193	2	2450	1
161	47.63	50	0	0	7.9241	8.6871	8.4151	5.2567	2	2613	1
162	95.949	90	0	0	-1.1648	11.178	2.9128	10.732	2	2653	1
217	82.609	90	0	0	1.4504	11.181	2.2935	10.646	3	3075	1
218	89.3	50	0	0	0.1378	11.279	2.8414	10.445	3	2726	1
219	152.09	130	0	0	-9.935	5.2616	-8.9492	6.776	3	2513	1
220	50.337	50	0	0	7.1343	8.6047	9.0344	4.6833	3	2550	1
221	151.37	130	0	0	-10.049	5.486	-8.187	8.7827	3	2590	1
222	99.814	90	0	0	-1.9135	11.062	1.9362	11.506	3	2734	1
223	88.085	90	0	0	0.3738	11.181	3.0796	10.732	3	2669	1
224	89.513	50	0	0	0.0963	11.34	4.9613	9.958	3	2793	1
225	145.3	130	0	0	-9.3472	6.4734	-8.449	9.6713	3	2581	1
226	54.752	50	0	0	6.5287	9.2387	8.7962	5.228	3	2659	1
227	125.23	90	0	0	-6.5288	9.245	-4.6379	10.675	3	2633	1
228	148.37	130	0	0	-9.769	6.0164	-7.4486	8.6393	3	2629	1
229	99.212	90	0	0	-1.7814	10.985	2.8414	10.388	3	2609	1
230	141.03	130	0	0	-8.6066	6.9611	-7.8774	9.4707	3	2509	1
231	60.778	50	0	0	5.5638	9.9464	8.8439	5.1707	3	2661	1
232	117.06	90	0	0	-5.1558	10.095	-1.2556	11.219	3	2507	1
233	165.17	130	0	0	-10.985	2.9093	-10.664	6.8047	3	2529	1
234	61.788	50	0	0	5.44	10.141	8.296	5.2853	3	2633	1
289	161.81	130	0	0	-10.663	3.5044	-10.712	4.9127	4	2943	1
290	45.687	50	0	0	7.8237	8.0136	9.2488	4.454	4	2717	1
291	100.43	90	0	0	-2.0714	11.253	0.60236	10.875	4	2609	1
292	87.005	50	0	0	0.5769	11.026	7.6767	6.2027	4	2709	1
293	93.691	90	0	0	-0.7163	11.104	2.5317	10.961	4	2717	1
294	151.15	130	0	0	-9.7585	5.3764	-9.8782	7.3493	4	2549	1
295	44.004	50	0	0	8.3449	8.0596	9.5347	3.8807	4	2773	1
296	94.625	90	0	0	-0.9068	11.209	1.9362	10.732	4	2773	1
297	157.61	130	0	0	-10.306	4.2465	-9.116	7.5213	4	2645	1
298	149.17	130	0	0	-9.7275	5.8066	-7.8774	8.6967	4	2671	1
299	53.41	50	0	0	6.9142	9.3134	8.6295	4.4827	4	2931	1
300	110.52	90	0	0	-3.888	10.387	-0.15986	10.99	4	2779	1
301	144.23	130	0	0	-9.0131	6.4933	-6.7102	10.302	4	2665	1
302	48.776	50	0	0	7.6535	8.735	8.963	4.2533	4	2728	1
303	130.33	90	0	0	-7.2224	8.5064	-3.7804	11.965	4	2544	1
304	99.248	90	0	0	-1.8038	11.078	1.0549	10.617	4	2790	1
305	141.9	130	0	0	-8.7126	6.8306	-5.0905	10.503	4	2642	1
306	63.89	50	0	0	5.0519	10.308	8.4151	5.744	4	2756	1
