Trial#	TargetAngle	ArcAngle	XHomePosition(m)	YHomePosition(m)	XTarget(m)	YTarget(m)	XTouch	YTouch	Block#	Time(ms)
139	103.055868354	90	0.0	-0.085	-0.025595	0.025373	876	775	1	2087
140	84.3806025981	50	0.0	-0.085	0.011386	0.030720	544	730	1	2159
141	142.180510312	130	0.0	-0.085	-0.089344	-0.015649	1181	580	1	2079
142	72.8308113132	50	0.0	-0.085	0.034259	0.025884	470	651	1	2359
143	111.170372449	90	0.0	-0.085	-0.040712	0.020123	911	764	1	2239
144	122.777104685	130	0.0	-0.085	-0.060791	0.009412	1008	713	1	2319
145	128.013954202	130	0.0	-0.085	-0.070215	0.004826	1133	624	1	2239
146	60.6385902301	50	0.0	-0.085	0.054412	0.011718	353	590	1	2301
147	101.523687993	90	0.0	-0.085	-0.022610	0.025897	892	760	1	2459
148	137.346933522	130	0.0	-0.085	-0.086523	-0.005290	1139	585	1	2280
149	86.8860666039	90	0.0	-0.085	0.006204	0.029040	573	723	1	2360
150	78.2810813888	50	0.0	-0.085	0.022980	0.025782	532	743	1	2478
151	103.275360851	90	0.0	-0.085	-0.025688	0.023877	900	762	1	2656
152	137.021279519	130	0.0	-0.085	-0.081594	-0.008969	1225	552	1	2379
153	78.9984197013	50	0.0	-0.085	0.021746	0.026857	595	764	1	2734
154	74.3376612329	90	0.0	-0.085	0.030543	0.023935	562	753	1	2539
155	132.948753145	130	0.0	-0.085	-0.079482	0.000387	1086	623	1	2519
156	79.2030658885	50	0.0	-0.085	0.021575	0.028133	541	705	1	2359
283	132.253205772	130	0.0	-0.085	-0.077051	-0.000183	1093	636	2	2139
284	85.0742665218	50	0.0	-0.085	0.009946	0.030406	615	736	2	2138
285	112.57202067	90	0.0	-0.085	-0.042997	0.018436	952	755	2	2144
286	85.1564972364	90	0.0	-0.085	0.009523	0.027383	644	735	2	2239
287	135.806722331	130	0.0	-0.085	-0.079004	-0.008190	1094	650	2	2171
288	86.8273175154	50	0.0	-0.085	0.006300	0.028656	644	727	2	2239
289	115.781358621	90	0.0	-0.085	-0.048949	0.016340	973	714	2	2261
290	126.592708306	130	0.0	-0.085	-0.069250	0.008270	1134	607	2	2199
291	72.1545204663	50	0.0	-0.085	0.035945	0.026651	390	565	2	2325
292	86.0754354193	50	0.0	-0.085	0.007739	0.027807	632	724	2	2191
293	115.175324163	90	0.0	-0.085	-0.048170	0.017481	989	728	2	2259
294	110.817851942	130	0.0	-0.085	-0.040992	0.022811	985	723	2	2208
295	106.635107374	130	0.0	-0.085	-0.032530	0.023876	939	747	2	2179
296	69.5116007724	50	0.0	-0.085	0.040840	0.024299	474	660	2	2320
297	112.33275985	90	0.0	-0.085	-0.043294	0.020390	986	719	2	2240
298	89.3236429898	90	0.0	-0.085	0.001310	0.025968	657	749	2	2379
299	130.877801856	130	0.0	-0.085	-0.074104	0.000615	1115	618	2	2199
300	83.1863395751	50	0.0	-0.085	0.013548	0.028387	508	716	2	2219
427	70.5064215711	50	0.0	-0.085	0.037674	0.021426	457	688	3	1900
428	136.589461235	130	0.0	-0.085	-0.082743	-0.006725	1229	551	3	2020
429	88.7118841738	90	0.0	-0.085	0.002519	0.027027	633	752	3	2140
430	88.7119701971	50	0.0	-0.085	0.002539	0.027924	592	733	3	2177
431	118.288029849	90	0.0	-0.085	-0.054191	0.015694	924	732	3	2049
432	127.275838198	130	0.0	-0.085	-0.069157	0.005861	1087	657	3	2129
433	109.859237892	130	0.0	-0.085	-0.038422	0.021376	876	769	3	2177
434	109.112296028	90	0.0	-0.085	-0.036514	0.020373	870	790	3	2393
435	70.940029976	50	0.0	-0.085	0.038179	0.025504	382	607	3	2261
436	95.5775578532	50	0.0	-0.085	-0.010996	0.027600	558	748	3	2193
437	137.166755009	130	0.0	-0.085	-0.082415	-0.008594	1215	527	3	2019
438	101.028324379	90	0.0	-0.085	-0.021983	0.027795	737	751	3	2079
439	93.8650085477	50	0.0	-0.085	-0.007823	0.030794	602	706	3	2287
440	123.855639036	90	0.0	-0.085	-0.061810	0.007137	917	710	3	2219
441	114.323025805	130	0.0	-0.085	-0.046449	0.017763	933	720	3	2023
442	132.241292692	130	0.0	-0.085	-0.076138	-0.001153	1080	679	3	2069
443	86.80215118	50	0.0	-0.085	0.006248	0.026829	562	715	3	2128
444	111.746459094	90	0.0	-0.085	-0.041679	0.019488	907	716	3	2233
571	106.318757576	90	0.0	-0.085	-0.032037	0.024425	928	679	4	1899
572	118.928036835	130	0.0	-0.085	-0.054681	0.013940	936	703	4	1939
573	93.7697699749	50	0.0	-0.085	-0.007477	0.028477	631	766	4	2039
574	86.548433869	50	0.0	-0.085	0.006869	0.028887	526	720	4	2099
575	117.753393012	90	0.0	-0.085	-0.053833	0.017305	943	718	4	2039
576	123.618953393	130	0.0	-0.085	-0.062108	0.008413	1008	720	4	1879
577	118.367744351	130	0.0	-0.085	-0.054827	0.016537	924	747	4	2019
578	90.8848006684	50	0.0	-0.085	-0.001739	0.027601	587	785	4	2059
579	117.400451652	90	0.0	-0.085	-0.052088	0.015486	970	734	4	2019
580	123.433441643	130	0.0	-0.085	-0.063254	0.010808	947	738	4	2099
581	106.842562236	90	0.0	-0.085	-0.032164	0.021247	794	759	4	1959
582	87.4016003614	50	0.0	-0.085	0.005242	0.030509	591	739	4	2064
583	132.491003396	130	0.0	-0.085	-0.077521	-0.000374	969	697	4	2099
584	84.3424159754	50	0.0	-0.085	0.011260	0.028662	562	738	4	2188
585	124.196312156	90	0.0	-0.085	-0.063777	0.008858	967	729	4	2019
586	57.0278947412	50	0.0	-0.085	0.062555	0.011429	305	541	4	2351
587	127.799478672	130	0.0	-0.085	-0.070283	0.005610	1065	661	4	2020
588	85.3257282331	90	0.0	-0.085	0.009480	0.030945	586	781	4	2080
