trial	targetangle_deg	arcangle_deg	homex_cm	homey_cm	handx_cm	handy_cm	tapx_cm	tapy_cm	block	time_ms	selected
91	122.65	130	0	0	-6.5155	10.169	-3.0806	11.579	1	8845	1
92	36.625	50	0	0	9.7166	7.2227	11.997	4.8713	1	5192	1
93	95.596	90	0	0	-1.1728	11.969	0.46847	12.583	1	10395	1
94	155.98	130	0	0	-10.963	4.8863	-9.0117	4.9573	1	4874	1
95	85.414	50	0	0	0.9627	12.001	4.3034	11.178	1	5663	1
96	94.86	90	0	0	-1.0235	12.038	0.087358	11.723	1	5182	1
97	134.5	130	0	0	-8.4696	8.6201	-6.7726	8.9993	1	4583	1
98	62.9	50	0	0	5.5035	10.755	8.8291	8.5407	1	4178	1
99	68.443	90	0	0	4.4348	11.226	6.6139	10.146	1	4864	1
100	38.694	50	0	0	9.5046	7.6131	12.235	4.6707	1	4745	1
101	132.38	130	0	0	-8.092	8.8689	-6.201	8.7413	1	4361	1
102	121.74	90	0	0	-6.3636	10.287	-3.4856	10.261	1	4737	1
103	71.002	50	0	0	3.9373	11.436	3.8508	11.264	1	4271	0
104	75.598	90	0	0	3.0394	11.836	6.3519	10.404	1	5203	1
105	149.39	130	0	0	-10.336	6.1158	-9.1546	5.3013	1	3940	1
106	42.479	50	0	0	8.8513	8.1047	12.211	4.5273	1	4485	1
107	89.513	90	0	0	0.1036	12.181	-14.824	-1.5787	1	4591	0
108	131.86	130	0	0	-8.0741	9.0125	-6.8203	9.286	1	4757	1
235	68.614	50	0	0	4.3769	11.177	4.0414	10.289	2	5306	1
236	127.57	130	0	0	-7.3212	9.518	-3.2712	11.092	2	6855	1
237	90.986	90	0	0	-0.2093	12.162	0.92104	11.981	2	3936	1
238	52.637	50	0	0	7.2858	9.5421	8.4242	9.1713	2	4534	1
239	132.43	130	0	0	-8.1662	8.9341	-6.5106	9.2	2	4640	1
240	68.139	90	0	0	4.5284	11.287	6.3042	10.433	2	4602	1
241	124.63	90	0	0	-6.8451	9.9109	-2.771	10.605	2	4133	1
242	13.471	50	0	0	11.722	2.8079	12.069	3.696	2	4296	1
243	146.07	130	0	0	-9.9564	6.6988	-8.7735	4.986	2	3801	1
244	136.91	130	0	0	-8.7719	8.2044	-6.6297	8.9993	2	4171	1
245	67.619	90	0	0	4.6338	11.253	7.4476	10.404	2	4132	1
246	83.506	50	0	0	1.374	12.07	-15.276	-0.40333	2	4062	0
247	68.23	90	0	0	4.4766	11.209	6.8044	10.289	2	5114	1
248	115.61	130	0	0	-5.2039	10.857	-2.8663	10.891	2	4607	1
249	40.014	50	0	0	9.1934	7.718	12.092	4.2693	2	5824	1
250	86.025	50	0	0	0.8381	12.061	3.8985	11.235	2	3878	1
251	98.805	90	0	0	-1.8557	11.98	0.77812	11.235	2	4594	1
252	155.4	130	0	0	-10.976	5.0249	-9.9883	4.298	2	3926	1
379	129.49	130	0	0	-7.6372	9.2674	-2.6042	10.547	3	5749	1
380	100.62	90	0	0	-2.2299	11.889	1.1354	12.153	3	4618	1
381	77.581	50	0	0	2.6084	11.845	4.6369	11.522	3	4079	1
382	107.76	130	0	0	-3.6902	11.524	-1.842	11.293	3	4115	1
383	109.14	90	0	0	-3.9578	11.405	-3.8429	10.834	3	3567	1
384	31.729	50	0	0	10.345	6.3963	11.687	3.8107	3	3728	1
385	75.465	50	0	0	3.0563	11.788	4.5178	10.92	3	4368	1
386	91.859	90	0	0	-0.3944	12.15	0.96868	12.038	3	4529	1
387	107.12	130	0	0	-3.5617	11.561	-2.6281	10.805	3	4473	1
388	72.991	50	0	0	3.5592	11.635	5.018	11.207	3	4549	1
389	90.168	90	0	0	-0.0353	12.062	0.8734	11.981	3	5458	1
390	97.71	130	0	0	-1.6285	12.028	-2.0802	11.694	3	3777	1
391	119.76	90	0	0	-5.9733	10.445	-3.9619	10.404	3	4719	1
392	102.1	130	0	0	-2.5194	11.751	-2.0326	11.522	3	4177	1
393	50.395	50	0	0	7.6657	9.2645	8.8529	8.512	3	5009	1
394	152.41	130	0	0	-10.657	5.5698	-9.0117	5.0147	3	5490	1
395	30.502	50	0	0	10.364	6.1052	12.545	3.094	3	4594	1
396	104.04	90	0	0	-2.9261	11.698	-2.6281	11.522	3	4663	1
523	84.204	50	0	0	1.2213	12.032	4.9227	10.777	4	4366	1
524	106.98	90	0	0	-3.5355	11.579	0.44465	12.468	4	4200	1
525	159.07	130	0	0	-11.339	4.3363	-9.0117	4.9573	4	4275	1
526	113.37	130	0	0	-4.7841	11.069	-1.6515	11.493	4	3830	1
527	95.479	90	0	0	-1.154	12.03	0.80194	12.382	4	3380	1
528	36.481	50	0	0	9.6632	7.1455	12.092	4.6707	4	4835	1
529	147.51	130	0	0	-10.179	6.4812	-9.1069	5.3013	4	3951	1
530	92.84	90	0	0	-0.5955	12.003	0.32555	12.411	4	3883	1
531	70.701	50	0	0	3.9946	11.407	5.0656	11.264	4	4142	1
532	38.775	50	0	0	9.4067	7.5565	11.449	4.2407	4	5453	1
533	111.73	90	0	0	-4.5068	11.308	-3.4141	11.264	4	4877	1
534	110.26	130	0	0	-4.1794	11.323	-2.3422	11.178	4	4792	1
535	56.49	50	0	0	6.8287	10.313	8.3051	8.5407	4	7525	1
536	86.711	90	0	0	0.6909	12.023	4.5416	11.407	4	5879	1
537	148.06	130	0	0	-10.257	6.3948	-8.702	5.9033	4	3994	1
538	105.67	130	0	0	-3.2565	11.612	-1.7467	11.522	4	4303	1
539	54.596	50	0	0	7.0489	9.9174	8.3051	8.8847	4	4566	1
540	67.126	90	0	0	4.6897	11.116	6.1137	10.547	4	4960	1
