trial	targetangle_deg	arcangle_deg	homex_cm	homey_cm	handx_cm	handy_cm	tapx_cm	tapy_cm	block	time_ms	selected
73	57.95	50	0	0	6.0086	9.5973	6.7001	4.6347	1	2683	1
74	-30.891	90	0	0	9.5424	-5.709	-4.4235	8.1893	1	12062	0
75	-29.884	130	0	0	9.6667	-5.555	-8.6872	5.1507	1	6164	0
76	49.889	50	0	0	7.465	8.8616	6.2237	3.6887	1	2558	1
77	89.424	90	0	0	0.1132	11.27	-0.23132	7.96	1	2449	1
78	139.41	130	0	0	-8.6917	7.4464	-10.521	2.8287	1	2409	1
79	129.76	130	0	0	-7.3694	8.8569	-9.8782	4.4627	1	2409	1
80	78.349	50	0	0	2.3415	11.355	6.1999	3.8033	1	2409	1
81	104.02	90	0	0	-2.7533	11.026	-1.8034	8.1893	1	2449	1
82	112.79	50	0	0	-4.4079	10.491	0.36416	7.6733	1	2429	1
83	101.76	90	0	0	-2.3575	11.32	1.4599	7.3293	1	2450	1
84	140.66	130	0	0	-8.7067	7.1368	-10.235	3.058	1	2390	1
85	95.778	50	0	0	-1.1861	11.721	2.1983	6.6127	1	2470	1
86	89.384	90	0	0	0.1241	11.546	0.34034	7.2147	1	2490	1
87	135.84	130	0	0	-8.3338	8.0919	-9.9258	3.574	1	2449	1
88	130.89	90	0	0	-7.3705	8.5107	-6.7817	6.6413	1	2509	1
89	131.46	130	0	0	-7.4751	8.461	-10.188	3.058	1	2389	1
90	85.842	50	0	0	0.8064	11.092	6.3667	3.7747	1	2409	1
145	80.779	50	0	0	1.8543	11.422	2.0792	7.6733	2	2710	1
146	91.873	90	0	0	-0.3762	11.502	-0.42188	7.8167	2	2449	1
147	126.95	130	0	0	-6.8405	9.0936	-10.164	3.8607	2	2369	1
148	94.394	50	0	0	-0.881	11.465	1.6742	7.272	2	2489	1
149	110.79	90	0	0	-4.0331	10.621	-3.8281	7.7307	2	2449	1
150	146.29	130	0	0	-9.5807	6.3931	-11.617	2.0833	2	2390	1
151	93.723	50	0	0	-0.7478	11.492	1.2931	8.0747	2	2469	1
152	139.59	130	0	0	-8.4907	7.2295	-9.6162	3.66	2	2330	1
153	130.33	90	0	0	-7.2695	8.5641	-6.3529	6.2687	2	2505	1
154	145.13	130	0	0	-9.4596	6.5908	-10.212	2.284	2	3215	1
155	123	90	0	0	-6.1651	9.4932	-4.9476	5.982	2	2629	1
156	102.13	50	0	0	-2.4058	11.191	2.3174	7.7593	2	12171	1
157	135.81	130	0	0	-8.1097	7.8833	-10.617	2.6853	2	2244	1
158	111.43	90	0	0	-4.2179	10.744	-5.1619	6.928	2	2229	1
159	92.118	50	0	0	-0.4513	12.206	2.0077	7.2433	2	2369	1
160	118.09	90	0	0	-5.4408	10.194	-6.2815	6.5267	2	2229	1
161	136.12	130	0	0	-8.2034	7.8889	-9.4494	3.4593	2	2249	1
162	96.803	50	0	0	-1.4093	11.813	3.6751	5.1507	2	2289	1
217	107.97	90	0	0	-3.4998	10.789	-5.5192	7.444	3	2425	1
218	136.42	130	0	0	-8.3388	7.9365	-11.117	2.5993	3	2329	1
219	71.542	50	0	0	3.6315	10.88	7.1527	3.7173	3	2329	1
220	132.51	130	0	0	-7.8882	8.6055	-9.7115	4.52	3	2349	1
221	117.56	90	0	0	-5.2112	9.9858	-6.4006	6.154	3	2329	1
222	80.514	50	0	0	1.905	11.401	6.9622	3.488	3	2309	1
223	89.916	50	0	0	0.0166	11.337	3.1272	7.014	3	2269	1
224	117.52	90	0	0	-5.1639	9.9126	-6.0194	6.3547	3	2292	1
225	123.22	130	0	0	-6.3575	9.7063	-9.3542	4.52	3	2269	1
226	136.62	130	0	0	-8.4836	8.0162	-11.022	1.3093	3	2250	1
227	83.259	50	0	0	1.3345	11.29	3.2701	6.498	3	2229	1
228	106.08	90	0	0	-3.1498	10.924	-1.7558	7.9887	3	2250	1
229	114.99	90	0	0	-4.7837	10.265	-6.1385	6.2113	3	2250	1
230	86.58	50	0	0	0.6616	11.071	6.2952	4.2907	3	2250	1
231	128.87	130	0	0	-7.0935	8.8012	-8.8778	5.1507	3	2249	1
232	111.05	90	0	0	-4.1347	10.745	-3.566	7.3007	3	2229	1
233	86.841	50	0	0	0.6476	11.736	5.9379	4.8067	3	2269	1
234	120.16	130	0	0	-5.7395	9.877	-8.1156	4.5773	3	2209	1
289	149.21	130	0	0	-9.784	5.8295	-11.188	2.1693	4	2429	1
290	73.249	50	0	0	3.2823	10.905	7.7958	3.6887	4	2389	1
291	108.27	90	0	0	-3.5635	10.796	-4.0186	7.8167	4	2399	1
292	107.17	90	0	0	-3.297	10.673	-3.304	7.7307	4	2389	1
293	93.816	50	0	0	-0.7396	11.088	6.7001	4.09	4	2309	1
294	138.98	130	0	0	-8.6053	7.4866	-10.736	2.37	4	2309	1
295	83.282	50	0	0	1.3379	11.358	6.1999	4.52	4	2309	1
296	151.13	130	0	0	-9.8809	5.4467	-10.974	1.4527	4	2249	1
297	117.03	90	0	0	-5.1839	10.16	-5.9242	7.2147	4	2309	1
298	103.77	90	0	0	-2.6486	10.808	1.2693	8.2467	4	2329	1
299	149.34	130	0	0	-10.011	5.9336	-11.855	1.3093	4	2270	1
300	78.114	50	0	0	2.3795	11.305	6.9383	3.2587	4	2329	1
301	118.28	90	0	0	-5.5479	10.311	-4.9476	7.4153	4	2269	1
302	137.43	130	0	0	-8.1913	7.525	-9.5447	4.176	4	2230	1
303	96.536	50	0	0	-1.3171	11.495	4.9613	5.3513	4	2270	1
304	73.375	50	0	0	3.3167	11.108	8.296	1.338	4	2309	1
305	126.05	90	0	0	-6.6032	9.072	-5.9004	6.7847	4	2249	1
306	134.28	130	0	0	-7.9616	8.1651	-10.212	3.5167	4	2210	1
