trial	targetangle_deg	arcangle_deg	homex_cm	homey_cm	handx_cm	handy_cm	tapx_cm	tapy_cm	block	time_ms	selected
46	60.03	50	0	0	6.0259	10.45	4.9613	8.6107	1	10969	1
47	-31.804	90	0	0	10.242	-6.351	-2.8515	10.761	1	18825	0
48	-29.447	130	0	0	10.539	-5.9499	-9.0207	8.8687	1	6854	0
49	51.987	50	0	0	7.4758	9.5641	7.6053	5.1133	1	7848	1
50	90.829	90	0	0	-0.1743	12.039	-5.1143	9.872	1	22247	1
51	139	130	0	0	-9.2813	8.0694	-11.188	4.9413	1	3068	1
52	129.63	130	0	0	-7.9329	9.5784	-5.2096	9.528	1	3210	1
53	79.771	50	0	0	2.1571	11.954	8.0578	3.7947	1	3449	1
54	105.33	90	0	0	-3.2572	11.886	1.2693	9.6713	1	2789	1
55	115.41	50	0	0	-5.2176	10.986	1.7695	9.7573	1	2609	1
56	103.57	90	0	0	-2.8907	11.974	-0.2075	9.5567	1	3109	1
57	141	130	0	0	-9.4411	7.6466	-10.688	6.0307	1	2604	1
58	97.888	50	0	0	-1.6887	12.188	2.627	9.1267	1	2729	1
59	89.439	90	0	0	0.12	12.259	3.1987	8.8687	1	2829	1
60	135.85	130	0	0	-8.9046	8.6444	-9.4971	5.6293	1	2509	1
61	130.91	90	0	0	-7.924	9.1432	-5.6145	9.528	1	2889	1
62	131.3	130	0	0	-8.0858	9.2038	-4.9476	9.4993	1	2730	1
63	86.535	50	0	0	0.7289	12.037	6.5572	6.088	1	3349	1
118	83.053	50	0	0	1.4786	12.134	1.0549	10.015	2	4330	1
119	93.913	90	0	0	-0.8333	12.184	1.6981	10.331	2	3409	1
120	127.01	130	0	0	-7.2734	9.6473	-5.1381	9.872	2	3409	1
121	96.676	50	0	0	-1.4102	12.049	1.2931	9.7	2	3387	1
122	112.56	90	0	0	-4.6367	11.163	-0.82681	10.187	2	3208	1
123	148.65	130	0	0	-10.535	6.4171	-9.9973	6.8333	2	3110	1
124	94.909	50	0	0	-1.0499	12.223	1.841	9.8433	2	3170	1
125	139.95	130	0	0	-9.1968	7.7307	-7.5439	8.152	2	2990	1
126	132.42	90	0	0	-8.1319	8.8987	-4.7332	9.9007	2	2790	1
127	146.88	130	0	0	-10.283	6.7093	-8.2585	7.4927	2	3201	1
128	125.28	90	0	0	-6.9919	9.8828	-4.8761	9.7287	2	3335	1
129	105.71	50	0	0	-3.272	11.632	1.6742	9.2413	2	2989	1
130	137.52	130	0	0	-8.9263	8.1732	-7.2104	9.0693	2	2909	1
131	114.08	90	0	0	-4.919	11.006	-2.4704	10.302	2	3189	1
132	96.235	50	0	0	-1.3459	12.32	3.151	9.2127	2	3069	1
133	121.68	90	0	0	-6.4025	10.376	-3.042	9.872	2	2967	1
134	138.1	130	0	0	-8.9528	8.0328	-5.6622	9.4133	2	2879	1
135	100.92	50	0	0	-2.2883	11.858	1.3408	9.528	2	3069	1
190	110.27	90	0	0	-4.2093	11.396	-4.6379	10.703	3	5871	1
191	137.12	130	0	0	-9.0674	8.4201	-8.3061	8.5533	3	3369	1
192	72.979	50	0	0	3.6182	11.819	7.7482	4.8553	3	3089	1
193	133.17	130	0	0	-8.4691	9.029	-6.6626	9.7287	3	2869	1
194	120.5	90	0	0	-6.1207	10.389	-16.476	-6.64	3	3966	0
195	81.856	50	0	0	1.7374	12.141	5.0566	7.894	3	3329	1
196	91.675	50	0	0	-0.3536	12.089	3.4369	9.1267	3	3064	1
197	119.7	90	0	0	-5.9709	10.47	-2.7085	9.4133	3	3134	1
198	124.73	130	0	0	-7.0007	10.098	-5.4716	9.4993	3	3102	1
199	139.26	130	0	0	-9.4216	8.1139	-8.7349	7.292	3	3070	1
200	85.224	50	0	0	1.0146	12.145	3.3892	9.0693	3	3170	1
201	107.52	90	0	0	-3.6893	11.684	-0.30278	9.7573	3	3033	1
202	116.52	90	0	0	-5.3791	10.779	-2.4227	9.9007	3	3077	1
203	87.439	50	0	0	0.5382	12.032	2.365	9.7287	3	3121	1
204	129.54	130	0	0	-7.7583	9.3974	-5.4001	9.4133	3	3059	1
205	112.73	90	0	0	-4.7498	11.335	-2.6371	11.277	3	6241	1
206	88.699	50	0	0	0.2837	12.491	1.7695	9.786	3	2969	1
207	121.02	130	0	0	-6.3765	10.605	-9.5447	6.6327	3	2529	1
262	150.19	130	0	0	-10.601	6.0739	-10.736	5.1993	4	9342	1
263	73.913	50	0	0	3.3578	11.643	3.9133	10.445	4	13100	1
264	110.2	90	0	0	-4.2396	11.523	-1.7081	10.961	4	3990	1
265	108.74	90	0	0	-3.8638	11.39	-1.6605	10.589	4	3814	1
266	95.789	50	0	0	-1.2107	11.941	1.3646	10.216	4	3542	1
267	139.26	130	0	0	-9.2029	7.9268	-7.4248	8.238	4	3276	1
268	84.545	50	0	0	1.1485	12.027	3.8894	8.6393	4	3888	1
269	151.46	130	0	0	-10.733	5.8377	-10.45	4.454	4	3429	1
270	118.23	90	0	0	-5.7078	10.63	-3.304	9.7	4	3428	1
271	104.65	90	0	0	-3.0491	11.666	-1.6367	10.331	4	3289	1
272	150.42	130	0	0	-10.736	6.0954	-9.7353	5.0273	4	3130	1
273	78.384	50	0	0	2.4488	11.913	7.6767	4.9987	4	3217	1
274	120.05	90	0	0	-6.1318	10.6	-3.042	10.073	4	3090	1
275	138.12	130	0	0	-8.9487	8.0231	-5.6622	7.6647	4	2992	1
276	98.785	50	0	0	-1.8809	12.171	2.9843	9.1553	4	6461	1
277	73.906	50	0	0	3.3867	11.738	4.5564	7.8653	4	3089	1
278	127.18	90	0	0	-7.2683	9.5809	-4.2568	10.273	4	2929	1
279	135.56	130	0	0	-8.7681	8.598	-9.4494	6.346	4	6987	1
