Trial#	TargetAngle	ArcAngle	XHomePosition(m)	YHomePosition(m)	XTarget(m)	YTarget(m)	XTouch	YTouch	Block#	Time(ms)
139	74.9454680476	50	0.0	-0.085	0.028989	0.022778	566	730	1	2735
140	112.776868081	90	0.0	-0.085	-0.044982	0.022129	845	754	1	2420
141	136.839861195	130	0.0	-0.085	-0.082383	-0.007745	1032	701	1	2457
142	63.2580036006	50	0.0	-0.085	0.050239	0.014707	455	669	1	2649
143	137.848352523	130	0.0	-0.085	-0.082507	-0.010314	1078	660	1	2657
144	99.9307131414	90	0.0	-0.085	-0.019335	0.025435	696	740	1	2393
145	102.44044497	90	0.0	-0.085	-0.024893	0.027840	718	743	1	2357
146	59.5760433457	50	0.0	-0.085	0.058683	0.014927	451	671	1	2299
147	150.848912179	130	0.0	-0.085	-0.100595	-0.028892	1189	549	1	2383
148	54.90535045	50	0.0	-0.085	0.065527	0.008254	459	661	1	2325
149	109.467108777	90	0.0	-0.085	-0.037870	0.022137	866	754	1	2279
150	135.176566333	130	0.0	-0.085	-0.081212	-0.004287	988	700	1	2239
151	50.710281212	50	0.0	-0.085	0.073656	0.005023	444	664	1	2499
152	101.775183709	90	0.0	-0.085	-0.023727	0.028821	857	747	1	2473
153	137.557546949	130	0.0	-0.085	-0.083810	-0.008357	1079	671	1	2325
154	134.992774417	130	0.0	-0.085	-0.083250	-0.001729	1027	705	1	2399
155	80.4888214637	90	0.0	-0.085	0.019720	0.032701	643	764	1	2379
156	67.3364642696	50	0.0	-0.085	0.045576	0.024148	579	727	1	2727
283	106.145659612	90	0.0	-0.085	-0.031102	0.022434	824	733	2	2645
284	61.3680636432	50	0.0	-0.085	0.053767	0.013485	446	670	2	2200
285	139.540263924	130	0.0	-0.085	-0.084576	-0.012868	1059	650	2	2265
286	80.0629755431	90	0.0	-0.085	0.019494	0.026271	608	724	2	2311
287	144.448950368	130	0.0	-0.085	-0.093208	-0.018390	1093	628	2	2571
288	56.0258415155	50	0.0	-0.085	0.064361	0.010512	490	686	2	2363
289	135.781091985	130	0.0	-0.085	-0.082044	-0.005163	1046	702	2	2299
290	93.2975453657	90	0.0	-0.085	-0.006532	0.028370	695	758	2	2319
291	53.3414833926	50	0.0	-0.085	0.070494	0.009718	453	657	2	2259
292	102.704568298	90	0.0	-0.085	-0.025568	0.028412	839	751	2	2363
293	128.334738346	130	0.0	-0.085	-0.071402	0.005298	986	702	2	2229
294	48.6701743777	50	0.0	-0.085	0.076458	0.001939	423	657	2	2321
295	101.432018602	90	0.0	-0.085	-0.023168	0.029570	811	744	2	2299
296	58.5986164308	50	0.0	-0.085	0.059103	0.011821	455	683	2	2353
297	135.520212868	130	0.0	-0.085	-0.079629	-0.006804	1032	693	2	2279
298	52.6629619239	50	0.0	-0.085	0.068498	0.004796	427	662	2	2223
299	98.1483638995	90	0.0	-0.085	-0.016037	0.027004	746	759	2	2219
300	139.393492516	130	0.0	-0.085	-0.086889	-0.010510	1049	648	2	2260
427	104.970623706	90	0.0	-0.085	-0.028792	0.022674	740	737	3	2649
428	56.3707174249	50	0.0	-0.085	0.064429	0.011866	439	672	3	2237
429	143.092331273	130	0.0	-0.085	-0.092911	-0.015221	1141	607	3	2432
430	101.637567665	90	0.0	-0.085	-0.023107	0.027195	770	758	3	2404
431	50.4467562485	50	0.0	-0.085	0.075388	0.006280	436	660	3	2662
432	122.272432864	130	0.0	-0.085	-0.060619	0.010992	920	706	3	2612
433	79.2180122533	90	0.0	-0.085	0.021704	0.028971	621	743	3	2399
434	141.924716838	130	0.0	-0.085	-0.092033	-0.012901	1102	653	3	2459
435	57.8979567948	50	0.0	-0.085	0.059903	0.010486	514	705	3	2473
436	93.4973837493	90	0.0	-0.085	-0.007238	0.033429	781	769	3	2469
437	57.1395943342	50	0.0	-0.085	0.063657	0.013548	557	721	3	2601
438	138.843353592	130	0.0	-0.085	-0.083994	-0.011581	1016	705	3	2459
439	55.667034076	50	0.0	-0.085	0.062986	0.007220	462	690	3	2359
440	103.352101794	90	0.0	-0.085	-0.026963	0.028600	833	748	3	2319
441	136.914975198	130	0.0	-0.085	-0.081769	-0.008522	1066	666	3	2319
442	49.3156478247	50	0.0	-0.085	0.077213	0.004818	460	660	3	3455
443	142.326058171	130	0.0	-0.085	-0.092570	-0.013521	1066	666	3	2259
444	88.5428001251	90	0.0	-0.085	0.002920	0.029787	668	776	3	2339
571	66.5665861185	50	0.0	-0.085	0.045613	0.020237	470	691	4	2479
572	99.0394828034	90	0.0	-0.085	-0.018011	0.028212	671	749	4	2359
573	145.925974321	130	0.0	-0.085	-0.096298	-0.019865	1068	652	4	2379
574	137.601215468	130	0.0	-0.085	-0.083727	-0.008550	1065	661	4	2179
575	52.5740199415	50	0.0	-0.085	0.068480	0.004484	444	660	4	2161
576	100.260201659	90	0.0	-0.085	-0.020221	0.026710	775	744	4	3323
577	101.435680204	90	0.0	-0.085	-0.022093	0.024218	761	740	4	2589
578	53.2986835522	50	0.0	-0.085	0.069752	0.008575	450	658	4	2369
579	142.004176115	130	0.0	-0.085	-0.091367	-0.013627	1063	644	4	2265
580	54.6014901136	50	0.0	-0.085	0.067478	0.009956	429	684	4	2639
581	142.530138802	130	0.0	-0.085	-0.089864	-0.016120	1087	686	4	2379
582	93.9412467539	90	0.0	-0.085	-0.007772	0.027807	695	769	4	2219
583	144.388745652	130	0.0	-0.085	-0.092951	-0.018426	1079	631	4	2293
584	50.9150225224	50	0.0	-0.085	0.070631	0.001958	452	680	4	2254
585	102.796265097	90	0.0	-0.085	-0.025871	0.028906	776	747	4	2622
586	143.095592118	130	0.0	-0.085	-0.089746	-0.017606	1081	644	4	2259
587	54.0866657064	50	0.0	-0.085	0.067579	0.008311	437	650	4	2354
588	102.610696749	90	0.0	-0.085	-0.025516	0.029052	760	748	4	2280
