trial	targetangle_deg	arcangle_deg	homex_cm	homey_cm	handx_cm	handy_cm	tapx_cm	tapy_cm	block	time_ms	selected
47	83.91	90	0	0	1.2974	12.16	-0.2075	11.228	1	8961	1
48	54.062	50	0	0	7.2013	9.9345	7.2956	8.734	1	6763	1
49	87.536	90	0	0	0.5299	12.314	2.4841	11.457	1	5197	1
50	134.36	130	0	0	-8.4982	8.6887	-8.8301	7.3293	1	6729	1
51	62.178	50	0	0	5.6878	10.778	7.3671	9.1927	1	5593	1
52	129.93	130	0	0	-7.899	9.4365	-7.6154	8.734	1	4765	1
53	62.599	50	0	0	5.556	10.718	5.9379	9.766	1	5295	1
54	92.158	90	0	0	-0.4542	12.054	-0.42188	11.572	1	5816	1
55	135.49	130	0	0	-8.6135	8.4662	-7.8297	8.8487	1	5248	1
56	94.391	90	0	0	-0.9199	11.981	-0.66007	11.515	1	4848	1
57	62.524	50	0	0	5.578	10.726	7.1765	9.1927	1	6328	1
58	113.6	90	0	0	-4.8153	11.024	-4.4712	10.827	1	5288	1
59	133.59	130	0	0	-8.3369	8.7575	-7.9012	8.5047	1	7016	1
60	75.316	50	0	0	3.0665	11.702	2.9128	11.257	1	5712	1
61	88.528	90	0	0	0.3113	12.114	-0.46952	11.429	1	5484	1
62	56.951	50	0	0	6.6504	10.221	8.5342	8.39	1	5390	1
63	118.08	130	0	0	-5.6602	10.61	-7.2342	8.304	1	5104	1
118	128.65	130	0	0	-7.6964	9.6247	-8.3538	8.218	2	4695	1
119	54.718	50	0	0	7.0025	9.8965	8.8677	7.53	2	3511	1
120	92.505	90	0	0	-0.5287	12.083	-0.80299	11.916	2	3599	1
121	55.788	50	0	0	6.8502	10.075	8.2484	8.3327	2	3765	1
122	92.362	90	0	0	-0.4994	12.109	-0.3266	10.712	2	4255	1
123	127.44	130	0	0	-7.4846	9.7753	-6.6864	9.336	2	4535	1
124	129.25	130	0	0	-7.7183	9.4457	-7.8059	8.9347	2	3519	1
125	71.293	50	0	0	3.9144	11.56	4.4135	10.913	2	3313	1
126	80.517	90	0	0	2.0224	12.108	1.4599	11.515	2	3581	1
127	65.556	50	0	0	5.1251	11.275	5.5806	10.368	2	3491	1
128	138.43	130	0	0	-9.048	8.0245	-9.1636	6.842	2	4363	1
129	89.94	90	0	0	0.0127	12.045	-0.040767	11.744	2	3574	1
130	132.01	130	0	0	-8.0644	8.9523	-6.0671	8.82	2	3454	1
131	90.331	90	0	0	-0.0709	12.272	0.76909	11.285	2	3462	1
132	60.708	50	0	0	6.0529	10.79	7.0336	9.2787	2	3428	1
133	133.19	130	0	0	-8.3035	8.8461	-8.3538	8.2467	2	3578	1
134	72.382	50	0	0	3.6547	11.509	3.6512	10.913	2	4376	1
135	90.58	90	0	0	-0.1229	12.133	0.62618	11.457	2	3584	1
190	133.02	130	0	0	-8.4265	9.0297	-7.8774	8.562	3	3533	1
191	60.721	50	0	0	5.959	10.628	7.4147	8.4187	3	3301	1
192	102.78	90	0	0	-2.6937	11.878	-0.94591	11.629	3	2867	1
193	138.61	130	0	0	-9.3327	8.2239	-7.9488	8.5907	3	2721	1
194	62.826	50	0	0	5.606	10.92	7.3433	8.562	3	2779	1
195	97.303	90	0	0	-1.5429	12.039	-0.66007	11.027	3	2745	1
196	151.18	130	0	0	-10.628	5.8476	-10.617	4.864	3	2654	1
197	78.815	90	0	0	2.4149	12.213	3.7942	10.741	3	2659	1
198	56.48	50	0	0	6.8971	10.412	7.8673	8.5333	3	2589	1
199	137.01	130	0	0	-9.047	8.4327	-7.7821	8.8773	3	2945	1
200	57.041	50	0	0	6.6851	10.31	7.4624	9.0493	3	3071	1
201	97.112	90	0	0	-1.5272	12.239	-0.68389	11.572	3	3091	1
202	136.32	130	0	0	-8.818	8.4197	-7.9726	8.6193	3	3307	1
203	65.399	50	0	0	5.1336	11.212	5.533	9.8807	3	2857	1
204	96.514	90	0	0	-1.383	12.113	-0.63625	11.773	3	3167	1
205	137.59	130	0	0	-8.9885	8.2093	-9.3065	6.9567	3	2552	1
206	61.394	50	0	0	5.8236	10.679	6.8192	8.476	3	2620	1
207	92.47	90	0	0	-0.5262	12.2	-0.3266	11.715	3	2866	1
262	96.596	90	0	0	-1.4176	12.259	-0.92209	11.945	4	3220	1
263	64.866	50	0	0	5.1295	10.934	7.2003	9.3647	4	2891	1
264	137.16	130	0	0	-9.0155	8.3606	-7.9488	8.476	4	2884	1
265	60.117	50	0	0	6.106	10.626	6.7478	9.0207	4	2769	1
266	97.404	90	0	0	-1.5796	12.156	-0.49334	11.572	4	3061	1
267	138.76	130	0	0	-9.2375	8.0969	-7.5439	8.39	4	2747	1
268	126.77	130	0	0	-7.307	9.7767	-5.0429	11.027	4	2980	1
269	54.288	50	0	0	7.2699	10.113	7.6291	9.0207	4	2824	1
270	104.3	90	0	0	-3.051	11.972	-0.94591	11.056	4	2720	1
271	134.73	130	0	0	-8.5642	8.6449	-5.1381	10.454	4	2767	1
272	59.979	50	0	0	6.1597	10.66	9.2965	6.7273	4	3153	1
273	100.55	90	0	0	-2.2253	11.953	-0.2075	11.658	4	2958	1
274	63.249	50	0	0	5.4409	10.794	7.6767	8.39	4	3127	1
275	104.16	90	0	0	-2.9815	11.82	-1.4461	11.199	4	2783	1
276	131.53	130	0	0	-7.9724	9.003	-7.5677	8.8773	4	2878	1
277	58.977	50	0	0	6.2015	10.312	7.4385	9.2213	4	3008	1
278	127.57	130	0	0	-7.3247	9.5215	-7.6154	8.6767	4	5583	1
279	100.18	90	0	0	-2.1397	11.921	-0.35042	11.658	4	2941	1
