0.028455
0.031978
-0.051551
0.025602
-0.089042
-0.002377
0.051398
0.023737
-0.086373
-0.001322
-0.022847
0.033551
-0.029049
0.033489
0.057553
0.021788
-0.107582
-0.027467
0.069369
0.013138
-0.046332
0.026600
-0.086649
-0.000423
0.075805
0.010576
-0.029936
0.033693
-0.090058
-0.004630
-0.089077
0.001139
0.016577
0.038824
0.041776
0.030706
-0.033621
0.030306
0.057203
0.022456
-0.090260
-0.005428
0.022094
0.032975
-0.099764
-0.014197
0.065453
0.017073
-0.087775
-0.002395
-0.009784
0.035856
0.073010
0.014395
-0.030067
0.033764
-0.077878
0.008104
0.079631
0.009507
-0.030906
0.035746
0.064082
0.020099
-0.088212
-0.001722
0.070560
0.012735
-0.019490
0.033920
-0.093257
-0.007542
-0.034251
0.030694
0.064128
0.020866
-0.101070
-0.010948
-0.031686
0.030815
0.072841
0.013809
-0.066682
0.015307
0.019381
0.037315
-0.097595
-0.008831
0.062977
0.019861
-0.013267
0.037444
0.064110
0.021723
-0.091528
-0.005130
0.066202
0.016013
-0.033149
0.032857
-0.091276
-0.005501
0.078744
0.011025
-0.099463
-0.014785
-0.001876
0.035457
0.042045
0.028186
-0.019239
0.036954
-0.099069
-0.011675
-0.088903
-0.003470
0.071002
0.013098
-0.025003
0.033183
-0.027261
0.032118
0.072514
0.013835
-0.095544
-0.009101
0.069529
0.017033
-0.095860
-0.009055
-0.008371
0.035835
-0.095003
-0.010939
0.077550
0.007316
-0.031762
0.035013
-0.098520
-0.014413
0.068899
0.015260
-0.032616
0.032667
