trial	targetangle_deg	arcangle_deg	homex_cm	homey_cm	handx_cm	handy_cm	tapx_cm	tapy_cm	block	time_ms	selected
139	100.23	90	0	0	-1.9693	10.914	-1.3418	11.337	1	2569	1
140	68.581	50	0	0	4.1892	10.679	3.2077	11.108	1	2689	1
141	153.76	130	0	0	-10.165	5.01	-9.8692	6.1773	1	2749	1
142	141.63	130	0	0	-8.806	6.9721	-9.3213	6.0913	1	3471	1
143	51.624	50	0	0	7.0038	8.8441	6.209	9.7607	1	3099	1
144	88.204	90	0	0	0.3512	11.2	-1.3418	11.739	1	2929	1
145	136.87	130	0	0	-8.2823	7.7584	-6.6535	9.8753	1	2849	1
146	55.313	50	0	0	6.507	9.4019	6.471	9.6747	1	2697	1
147	95.118	90	0	0	-0.9952	11.111	0.015899	11.796	1	2709	1
148	51.96	90	0	0	6.9068	8.8275	5.9469	10.219	1	2829	1
149	176.23	130	0	0	-11.146	0.7338	-11.203	3.0813	1	2630	1
150	67.842	50	0	0	4.1583	10.211	3.8747	10.535	1	2709	1
151	106.01	90	0	0	-3.0921	10.774	-1.8182	11.509	1	2809	1
152	140.18	130	0	0	-8.6072	7.1751	-8.2018	8.9293	1	2729	1
153	44.141	50	0	0	8.0857	7.8468	8.4242	8.184	1	2749	1
154	52.034	50	0	0	6.8656	8.7983	8.3527	7.41	1	2716	1
155	98.043	90	0	0	-1.5527	10.988	-0.19848	11.739	1	2969	1
156	140.34	130	0	0	-8.74	7.2469	-8.2971	7.926	1	3029	1
283	141.52	130	0	0	-8.9458	7.1113	-8.6782	7.582	2	2751	1
284	79.015	50	0	0	2.1975	11.321	2.6599	10.334	2	2898	1
285	112.9	90	0	0	-4.4079	10.437	-3.9143	10.621	2	2941	1
286	145.86	130	0	0	-9.3707	6.3545	-9.3451	7.2093	2	2830	1
287	60.052	50	0	0	5.7203	9.9288	5.28	9.9613	2	2896	1
288	100.53	90	0	0	-2.0638	11.099	-2.6995	11.796	2	2970	1
289	134.62	130	0	0	-7.8197	7.9245	-6.4868	9.5887	2	2882	1
290	50.371	50	0	0	7.2715	8.7807	7.0426	9.388	2	2812	1
291	81.578	90	0	0	1.6348	11.041	2.1358	11.051	2	2849	1
292	125.89	130	0	0	-6.5967	9.1149	-4.7242	10.047	2	2788	1
293	91.255	90	0	0	-0.2438	11.126	0.58757	11.71	2	2880	1
294	63.397	50	0	0	5.0878	10.159	4.9465	9.8467	2	2938	1
295	94.556	90	0	0	-0.8873	11.135	-1.3418	11.395	2	2920	1
296	127.83	130	0	0	-6.9102	8.8992	-6.5821	9.9327	2	2874	1
297	60.17	50	0	0	5.629	9.8168	5.28	9.8467	2	3142	1
298	65.082	50	0	0	4.6906	10.097	3.303	10.133	2	3052	1
299	138.98	130	0	0	-8.5054	7.3979	-8.964	7.3813	2	3028	1
300	94.677	90	0	0	-0.9159	11.196	-0.38903	11.251	2	3110	1
427	72.128	50	0	0	3.4819	10.798	1.9691	11.194	3	2827	1
428	136.07	90	0	0	-8.1461	7.8481	-5.8913	9.818	3	2632	1
429	109.5	130	0	0	-3.7674	10.636	-3.8905	11.022	3	2750	1
430	34.439	50	0	0	9.268	6.3552	9.6866	5.4033	3	2776	1
431	131.17	130	0	0	-7.4123	8.4754	-6.5821	9.9327	3	3006	1
432	72.887	90	0	0	3.2911	10.689	5.3038	10.162	3	2886	1
433	55.199	50	0	0	6.4971	9.3478	5.8517	9.302	3	2828	1
434	140.13	130	0	0	-8.6533	7.2264	-8.9402	8.1553	3	2949	1
435	99.992	90	0	0	-1.9468	11.05	-1.7944	10.649	3	2935	1
436	116.19	90	0	0	-4.9188	10	-4.4145	10.879	3	2967	1
437	157.55	130	0	0	-10.555	4.3614	-10.989	5.346	3	3015	1
438	78.739	50	0	0	2.2065	11.081	1.6833	11.395	3	3007	1
439	130.84	90	0	0	-7.4405	8.6082	-6.3201	9.2733	3	2983	1
440	142.44	130	0	0	-8.8109	6.7745	-8.4876	8.012	3	2869	1
441	39.996	50	0	0	8.6059	7.2202	8.6862	7.3527	3	2977	1
442	74.098	90	0	0	3.0822	10.818	2.8266	10.076	3	3087	1
443	159.18	130	0	0	-10.524	4.0022	-10.25	6.2347	3	2895	1
444	70.242	50	0	0	3.8426	10.698	3.7317	10.649	3	2967	1
571	144.34	130	0	0	-9.1569	6.5696	-8.3447	7.668	4	2669	1
572	68.335	50	0	0	4.1917	10.552	3.3744	11.137	4	2788	1
573	101.74	90	0	0	-2.3103	11.114	-2.6042	10.277	4	2789	1
574	145.24	130	0	0	-9.3214	6.4699	-10.226	6.1773	4	2769	1
575	143.08	90	0	0	-9.0161	6.7749	-5.4626	9.7033	4	2689	0
576	15.49	50	0	0	11.09	3.0735	10.997	4.142	4	2889	1
577	121.4	130	0	0	-5.8554	9.5924	-3.6285	11.051	4	2729	1
578	33.056	50	0	0	9.3604	6.0917	9.496	6.4067	4	2849	1
579	83.339	90	0	0	1.3012	11.142	1.9691	10.649	4	2860	1
580	92.966	90	0	0	-0.575	11.099	0.94486	10.649	4	2818	1
581	54.008	50	0	0	6.6588	9.1679	7.257	8.4993	4	2912	1
582	138.56	130	0	0	-8.7344	7.7103	-8.3447	8.27	4	3052	1
583	151.56	130	0	0	-9.7971	5.3059	-9.5833	6.1773	4	2884	1
584	76.713	50	0	0	2.5469	10.785	3.9223	10.993	4	2829	1
585	117.25	90	0	0	-5.3209	10.333	-2.8901	10.707	4	2949	1
586	67.041	50	0	0	4.4092	10.408	5.8993	8.8433	4	3028	1
587	106.9	90	0	0	-3.2141	10.58	-2.4137	11.251	4	2769	1
588	137.21	130	0	0	-8.2296	7.6179	-6.1057	10.391	4	2891	1
