trial	targetangle_deg	arcangle_deg	homex_cm	homey_cm	handx_cm	handy_cm	tapx_cm	tapy_cm	block	time_ms	selected
139	143.36	130	0	0	-8.8445	6.5784	-7.4396	9.512	1	2849	1
140	95.327	50	0	0	-1.057	11.336	3.3268	11.175	1	2789	1
141	131.39	90	0	0	-7.439	8.4415	-5.4626	10.945	1	2669	1
142	155.35	130	0	0	-10.085	4.6277	-9.9168	4.8393	1	2549	1
143	53.808	50	0	0	6.7589	9.2376	10.377	6.1007	1	2869	1
144	118.56	90	0	0	-5.4371	9.9889	-4.8909	10.974	1	2589	1
145	135.02	130	0	0	-8.0675	8.0616	-7.2014	9.4547	1	2669	1
146	84.526	50	0	0	1.1089	11.572	3.1362	11.232	1	2789	1
147	101.38	90	0	0	-2.231	11.089	-0.65105	12.006	1	2649	1
148	87.032	50	0	0	0.5834	11.253	2.7075	11.375	1	2709	1
149	139.2	130	0	0	-8.4127	7.2619	-7.0585	9.0533	1	2630	1
150	95.91	90	0	0	-1.1793	11.393	0.70666	11.949	1	2729	1
151	143.91	130	0	0	-9.2463	6.7405	-9.6786	5.6707	1	2630	1
152	86.151	50	0	0	0.7659	11.383	2.636	11.203	1	2769	1
153	119.37	90	0	0	-5.4855	9.7478	-3.4856	10.515	1	4810	1
154	122.62	90	0	0	-5.9453	9.2881	-4.486	11.461	1	2729	1
155	83.671	50	0	0	1.2428	11.205	3.2077	11.404	1	2728	1
156	125.18	130	0	0	-6.4377	9.133	-4.7718	11.347	1	2669	1
283	152.01	130	0	0	-9.8691	5.2462	-8.8926	6.8173	2	3089	1
284	125.15	90	0	0	-6.4806	9.2027	-3.295	11.117	2	2709	1
285	56.856	50	0	0	6.1991	9.4933	9.9962	6.3013	2	2869	1
286	72.373	50	0	0	3.462	10.896	7.5428	9.0247	2	2789	1
287	118.79	90	0	0	-5.4421	9.9012	-3.6047	11.576	2	2530	1
288	132.73	130	0	0	-7.7253	8.364	-4.486	10.515	2	2809	1
289	147.51	130	0	0	-9.4805	6.0374	-9.369	6.416	2	2529	1
290	72.879	50	0	0	3.3495	10.874	9.234	7.1327	2	2734	1
291	92.637	90	0	0	-0.5235	11.368	3.0172	11.719	2	2609	1
292	141.37	130	0	0	-8.9158	7.1253	-4.9624	10.859	2	2649	1
293	93.898	90	0	0	-0.7662	11.245	3.565	10.745	2	2837	1
294	80.138	50	0	0	1.9226	11.059	4.9227	10.401	2	2849	1
295	108.6	90	0	0	-3.6614	10.878	-1.8182	11.49	2	2509	1
296	77.121	50	0	0	2.547	11.139	6.6615	8.9387	2	2689	1
297	144.59	130	0	0	-9.1164	6.4805	-9.2022	6.3587	2	2409	1
298	141.28	130	0	0	-8.696	6.9727	-8.9164	6.8747	2	2429	1
299	111.79	90	0	0	-4.151	10.384	-2.9854	11.605	2	2529	1
300	85.444	50	0	0	0.8991	11.282	4.2081	9.6553	2	2628	1
427	144.67	130	0	0	-9.0906	6.4441	-8.702	7.4193	3	2750	1
428	120.52	90	0	0	-5.7083	9.6826	-3.557	11.519	3	2689	1
429	60.714	50	0	0	5.5476	9.8914	9.2578	7.5053	3	2788	1
430	141.23	130	0	0	-8.6149	6.92	-9.3213	6.7313	3	2549	1
431	99.614	90	0	0	-1.896	11.193	1.3736	12.321	3	2769	1
432	62.727	50	0	0	5.2983	10.277	8.2098	8.3367	3	2809	1
433	129.19	130	0	0	-7.0716	8.6751	-6.8203	9.684	3	2749	1
434	60.646	50	0	0	5.6085	9.9723	8.972	7.9927	3	2949	1
435	112.47	90	0	0	-4.3136	10.427	-3.1521	11.404	3	2689	1
436	57.392	50	0	0	6.1717	9.6473	9.496	6.9607	3	2949	1
437	146.93	130	0	0	-9.4297	6.1399	-9.5595	6.8173	3	2669	1
438	90.491	90	0	0	-0.0979	11.43	3.1601	11.289	3	2609	1
439	76.491	50	0	0	2.6627	11.083	3.4221	11.347	3	2789	1
440	112.51	90	0	0	-4.2979	10.369	-4.5098	10.917	3	2709	1
441	145.49	130	0	0	-9.4068	6.4669	-9.7501	6.0147	3	2589	1
442	66.948	50	0	0	4.6335	10.888	6.0184	9.77	3	2809	1
443	105.67	90	0	0	-3.0537	10.887	-1.7706	11.863	3	2689	1
444	142.78	130	0	0	-9.0001	6.8358	-8.702	7.6487	3	3029	1
571	150.77	130	0	0	-9.9733	5.5805	-8.7735	8.5087	4	2990	1
572	121.96	90	0	0	-5.9699	9.5686	-3.6047	11.375	4	2829	1
573	81.334	50	0	0	1.7081	11.206	5.28	10.429	4	2769	1
574	148.72	130	0	0	-9.6122	5.8403	-9.6548	6.2153	4	2629	1
575	117.92	90	0	0	-5.2929	9.9894	-2.9377	11.519	4	2529	1
576	58.549	50	0	0	5.9084	9.66	10.044	6.1007	4	2989	1
577	57.579	50	0	0	6.0883	9.586	9.5199	7.1327	4	2768	1
578	139.76	130	0	0	-8.6368	7.3089	-8.964	7.6487	4	2510	1
579	108.97	90	0	0	-3.6893	10.733	-2.2946	11.719	4	2669	1
580	94.979	90	0	0	-0.9965	11.438	2.6122	11.805	4	2665	1
581	82.623	50	0	0	1.4741	11.386	3.7556	11.433	4	2789	1
582	145.99	130	0	0	-9.2008	6.2092	-9.4166	6.3587	4	2609	1
583	120.27	90	0	0	-5.6666	9.7071	-4.0334	10.515	4	2749	1
584	57.776	50	0	0	6.0372	9.578	10.044	6.4733	4	2729	1
585	140.64	130	0	0	-8.7347	7.1646	-8.8211	6.4447	4	2649	1
586	76.671	50	0	0	2.6453	11.165	3.9223	10.831	4	2669	1
587	142.23	130	0	0	-8.9739	6.9524	-7.7254	7.7347	4	2689	1
588	108.08	90	0	0	-3.4779	10.651	-0.15084	12.149	4	2689	1
