trial	targetangle_deg	arcangle_deg	homex_cm	homey_cm	handx_cm	handy_cm	tapx_cm	tapy_cm	block	time_ms	selected
73	87.264	90	0	0	0.5378	11.256	-0.53195	12.423	1	3407	1
74	39.201	50	0	0	8.7765	7.1581	9.3055	6.3173	1	3249	1
75	136.74	130	0	0	-8.4178	7.9221	-9.4404	5.3427	1	2669	1
76	130.83	130	0	0	-7.4657	8.6389	-9.7501	6.8907	1	3369	1
77	45.253	50	0	0	8.2089	8.2817	7.5428	7.55	1	3307	1
78	93.652	90	0	0	-0.7337	11.495	-2.2231	11.248	1	3335	1
79	41.116	50	0	0	9.0127	7.8668	7.8763	8.4387	1	3375	1
80	136.02	130	0	0	-8.1963	7.9093	-10.131	6.8333	1	3169	1
81	86.757	90	0	0	0.6464	11.407	-0.15084	11.649	1	3376	1
82	40.046	50	0	0	9.038	7.5961	8.3289	8.0947	1	3111	1
83	131.69	130	0	0	-7.731	8.6792	-8.6067	8.2667	1	2740	1
84	86.568	90	0	0	0.6854	11.43	-0.50813	12.767	1	2986	1
85	82.56	90	0	0	1.4916	11.422	0.11118	10.503	1	2967	1
86	133.05	130	0	0	-8.2016	8.7804	-8.3447	6.518	1	2850	1
87	41.014	50	0	0	8.9391	7.7744	9.9962	7.464	1	3349	1
88	130.25	130	0	0	-7.4834	8.839	-9.0593	7.8653	1	2889	1
89	83.493	90	0	0	1.3472	11.811	-0.15084	11.678	1	2980	1
90	40.711	50	0	0	9.1843	7.9028	7.8763	7.206	1	3474	1
145	81.548	90	0	0	1.6408	11.041	0.34937	11.621	2	3130	1
146	127.89	130	0	0	-7.0018	8.9959	-8.2733	7.12	2	2993	1
147	49.012	50	0	0	7.4543	8.5789	6.5901	9.012	2	2969	1
148	44.985	50	0	0	7.8879	7.8838	6.209	3.9667	2	2951	0
149	90.379	90	0	0	-0.0753	11.385	-1.3656	12.28	2	3089	1
150	133.69	130	0	0	-7.8609	8.2296	-9.226	7.464	2	3053	1
151	129.76	130	0	0	-7.3694	8.8569	-8.9164	7.464	2	3069	1
152	83.326	90	0	0	1.3475	11.515	-0.031739	11.936	2	3109	1
153	42.919	50	0	0	8.5896	7.9872	7.4714	9.1267	2	3145	1
154	44.099	50	0	0	8.4697	8.2075	7.7572	8.3813	2	2869	1
155	133.77	130	0	0	-8.0326	8.3858	-7.6063	7.4353	2	2928	1
156	86.712	90	0	0	0.6391	11.126	-0.79396	12.165	2	2869	1
157	40.405	50	0	0	8.9447	7.6138	7.8763	7.6647	2	2930	1
158	93.609	90	0	0	-0.7297	11.569	-0.8416	10.99	2	2896	1
159	142.47	130	0	0	-8.9299	6.8594	-8.6544	6.604	2	2889	1
160	44.225	50	0	0	8.282	8.0608	9.0435	7.0627	2	3080	1
161	96.189	90	0	0	-1.2471	11.5	-3.5332	11.42	2	2989	1
162	135.8	130	0	0	-8.0545	7.8338	-10.012	6.7473	2	3169	1
217	39.228	50	0	0	9.059	7.3957	7.7572	8.668	3	2850	1
218	97.776	90	0	0	-1.5402	11.279	-2.6042	11.764	3	2989	1
219	137.01	130	0	0	-8.4538	7.8809	-8.7735	7.12	3	2989	1
220	46.717	50	0	0	7.7625	8.2424	7.1379	9.6427	3	2970	1
221	98.359	90	0	0	-1.6671	11.346	-2.4851	11.821	3	2929	1
222	137.25	130	0	0	-8.4014	7.7674	-8.1304	8.2667	3	2969	1
223	87.693	90	0	0	0.4703	11.673	-0.55577	11.907	3	2989	1
224	41.25	50	0	0	8.6225	7.5617	8.2812	8.0087	3	2944	1
225	132.58	130	0	0	-7.6885	8.3658	-8.0351	8.238	3	2789	1
226	129.84	130	0	0	-7.3551	8.815	-8.3209	7.894	3	3423	1
227	86.61	90	0	0	0.661	11.158	-0.2223	12.595	3	3438	1
228	52.055	50	0	0	7.0209	9.0042	5.8278	9.5567	3	2863	1
229	140.25	130	0	0	-8.8655	7.3725	-9.3451	7.5787	3	2989	1
230	46.354	50	0	0	7.9573	8.3427	7.0188	8.9833	3	2961	1
231	104.29	90	0	0	-2.763	10.845	-3.557	11.334	3	2949	1
232	81.914	90	0	0	1.6136	11.358	1.8262	11.391	3	2948	1
233	136.6	130	0	0	-8.2324	7.7857	-6.7726	8.7253	3	6678	1
234	47.907	50	0	0	7.8004	8.635	6.8997	9.356	3	2988	1
289	131.3	130	0	0	-7.4035	8.4282	-8.0827	7.98	4	2910	1
290	85.045	90	0	0	1.0149	11.705	-0.60341	11.735	4	2849	1
291	46.378	50	0	0	8.1595	8.5618	5.2085	11.277	4	2948	0
292	101.03	90	0	0	-2.2049	11.312	-3.5332	11.506	4	2912	1
293	130.39	130	0	0	-7.5803	8.9092	-7.3443	9.1267	4	3810	1
294	51.643	50	0	0	7.1464	9.0304	4.9465	11.133	4	2969	1
295	128.7	130	0	0	-7.1013	8.8641	-7.4396	9.6713	4	2969	1
296	78.325	90	0	0	2.422	11.722	3.0172	11.42	4	3248	1
297	53.773	50	0	0	6.9447	9.4792	5.1371	10.474	4	3129	1
298	119.64	130	0	0	-5.5207	9.7006	-7.1061	10.617	4	3010	1
299	84.852	90	0	0	1.0543	11.703	-0.031739	12.108	4	3229	1
300	49.318	50	0	0	7.4716	8.6921	5.804	10.044	4	2969	1
301	138.15	130	0	0	-8.4449	7.563	-9.0355	7.3493	4	2989	1
302	83.986	90	0	0	1.1975	11.368	0.84958	11.449	4	3069	1
303	52.268	50	0	0	7.0018	9.0488	3.9699	10.761	4	3095	1
304	98.45	90	0	0	-1.6733	11.263	-2.6757	11.133	4	3079	1
305	65.578	50	0	0	4.9675	10.94	4.494	10.187	4	3425	1
306	136.64	130	0	0	-8.2966	7.8334	-8.6306	7.8653	4	3029	1
