Trial#	TargetAngle	ArcAngle	XHomePosition(m)	YHomePosition(m)	XTarget(m)	YTarget(m)	XTouch	YTouch	Block#	Time(ms)
91	106.834710724	90	0.0	-0.085	-0.034881	0.030279	717	841	1	9417
92	49.9815720987	50	0.0	-0.085	0.078209	0.008145	407	762	1	5328
93	144.635978662	130	0.0	-0.085	-0.098525	-0.015075	1121	653	1	4249
94	103.132783735	90	0.0	-0.085	-0.027295	0.031990	901	813	1	4304
95	113.285276513	130	0.0	-0.085	-0.048100	0.026766	913	819	1	3750
96	69.4691988928	50	0.0	-0.085	0.042483	0.028440	562	831	1	3436
97	127.641764452	130	0.0	-0.085	-0.073534	0.010342	1094	717	1	3529
98	40.5143247975	50	0.0	-0.085	0.092352	-0.006084	270	685	1	3458
99	97.2178335109	90	0.0	-0.085	-0.015238	0.035320	853	853	1	3429
100	72.8849818642	50	0.0	-0.085	0.036013	0.031953	565	838	1	3389
101	127.415140167	130	0.0	-0.085	-0.073323	0.010850	1053	754	1	3409
102	102.142059018	90	0.0	-0.085	-0.025606	0.034015	871	841	1	3169
103	70.8330042601	50	0.0	-0.085	0.040193	0.030633	549	832	1	3069
104	120.661127043	130	0.0	-0.085	-0.061596	0.018900	1002	784	1	3069
105	94.1063617702	90	0.0	-0.085	-0.008680	0.035904	839	851	1	3129
106	126.271991616	130	0.0	-0.085	-0.071673	0.012671	1063	734	1	2989
107	55.9651987302	50	0.0	-0.085	0.068035	0.015734	509	815	1	3009
108	90.2731714739	90	0.0	-0.085	-0.000576	0.035811	798	867	1	3089
235	65.1017748876	50	0.0	-0.085	0.051466	0.025883	444	773	2	5989
236	137.77096505	130	0.0	-0.085	-0.090305	-0.003033	1131	672	2	4109
237	93.7946941165	90	0.0	-0.085	-0.007952	0.034891	818	844	2	4209
238	111.119697794	130	0.0	-0.085	-0.043842	0.028503	1164	694	2	5633
239	62.8858707113	50	0.0	-0.085	0.054917	0.022252	438	798	2	5717
240	89.3563770279	90	0.0	-0.085	0.001355	0.035618	736	838	2	5544
241	89.8927028956	90	0.0	-0.085	0.000228	0.036750	740	858	2	6623
242	58.7820217803	50	0.0	-0.085	0.063445	0.019686	488	814	2	4716
243	109.62127201	130	0.0	-0.085	-0.040673	0.029089	915	829	2	3880
244	81.2938859718	90	0.0	-0.085	0.018259	0.034238	610	828	2	4066
245	70.4850031447	50	0.0	-0.085	0.040138	0.028252	542	832	2	4065
246	126.117749346	130	0.0	-0.085	-0.070884	0.012143	1115	720	2	3569
247	92.0514323895	90	0.0	-0.085	-0.004314	0.035437	813	837	2	3529
248	119.243677781	130	0.0	-0.085	-0.059198	0.020733	1014	775	2	3749
249	65.4667980083	50	0.0	-0.085	0.050410	0.025445	521	811	2	3315
250	53.0187349505	50	0.0	-0.085	0.073286	0.012320	363	731	2	3551
251	115.353644923	130	0.0	-0.085	-0.051404	0.023483	1003	786	2	3309
252	80.9187391916	90	0.0	-0.085	0.019016	0.033970	615	839	2	3229
379	95.5130138499	90	0.0	-0.085	-0.011668	0.035889	744	861	3	4109
380	143.677364307	130	0.0	-0.085	-0.098154	-0.012839	1134	677	3	3229
381	45.0360738795	50	0.0	-0.085	0.084920	0.000027	294	666	3	4449
382	68.8465627025	50	0.0	-0.085	0.043653	0.027816	536	820	3	3349
383	86.3782552382	90	0.0	-0.085	0.007736	0.037220	747	844	3	3149
384	121.376582814	130	0.0	-0.085	-0.062510	0.017502	891	824	3	3049
385	86.41586963	50	0.0	-0.085	0.007566	0.035792	493	809	3	5309
386	88.106559288	90	0.0	-0.085	0.003990	0.035694	711	854	3	3929
387	112.999423728	130	0.0	-0.085	-0.047362	0.026581	915	842	3	3349
388	71.1145937965	50	0.0	-0.085	0.039318	0.029934	560	831	3	3169
389	134.960763774	130	0.0	-0.085	-0.086827	0.001946	1137	671	3	3010
390	104.555052474	90	0.0	-0.085	-0.030702	0.033247	885	826	3	3269
391	88.9814089338	90	0.0	-0.085	0.002163	0.036656	749	860	3	3389
392	119.146243136	130	0.0	-0.085	-0.059716	0.022085	949	822	3	3130
393	72.1229499143	50	0.0	-0.085	0.037386	0.030908	553	825	3	2930
394	122.809251638	130	0.0	-0.085	-0.065088	0.015961	1077	738	3	2970
395	97.6080174535	90	0.0	-0.085	-0.015892	0.033978	812	860	3	2889
396	47.4817437658	50	0.0	-0.085	0.082242	0.004694	293	675	3	3158
523	55.6500218713	50	0.0	-0.085	0.067979	0.014467	344	719	4	4598
524	97.9160804666	90	0.0	-0.085	-0.016555	0.034060	899	815	4	3392
525	111.948383021	130	0.0	-0.085	-0.045024	0.026728	948	812	4	3169
526	91.9166678382	90	0.0	-0.085	-0.004052	0.036083	711	844	4	3149
527	45.8569693997	50	0.0	-0.085	0.084128	0.001683	303	662	4	3248
528	134.659824926	130	0.0	-0.085	-0.085221	0.001239	1136	658	4	3029
529	100.915434086	90	0.0	-0.085	-0.023252	0.035571	873	827	4	2989
530	120.886225299	130	0.0	-0.085	-0.061741	0.018218	962	800	4	2929
531	70.9970082627	50	0.0	-0.085	0.040018	0.031201	564	826	4	2849
532	140.964487101	130	0.0	-0.085	-0.093240	-0.009400	1150	657	4	2910
533	43.9316974632	50	0.0	-0.085	0.087566	-0.000640	280	633	4	2909
534	77.8082930384	90	0.0	-0.085	0.026011	0.035390	554	834	4	2889
535	93.6037460879	90	0.0	-0.085	-0.007679	0.036927	729	859	4	3129
536	112.733500682	130	0.0	-0.085	-0.047453	0.028254	871	829	4	3097
537	70.9403977927	50	0.0	-0.085	0.039309	0.028777	568	838	4	2890
538	123.160732408	130	0.0	-0.085	-0.065767	0.015653	1056	754	4	3010
539	59.3533440862	50	0.0	-0.085	0.061698	0.019132	407	756	4	2824
540	92.1672234841	90	0.0	-0.085	-0.004548	0.035180	848	853	4	3009
