Trial#	TargetAngle	ArcAngle	XHomePosition(m)	YHomePosition(m)	XTarget(m)	YTarget(m)	XTouch	YTouch	Block#	Time(ms)
46	254.828156622	90	0.0	-0.085	-0.031807	-0.202297	808	877	1	31919
47	244.012927795	50	0.0	-0.085	-0.053770	-0.195308	510	820	1	5449
48	-75.2303279149	130	0.0	-0.085	0.030639	-0.201213	1082	683	1	6066
49	211.628660112	130	0.0	-0.085	-0.104229	-0.149194	1061	747	1	57963
50	254.97678235	50	0.0	-0.085	-0.031118	-0.200946	588	822	1	26838
51	231.942150328	90	0.0	-0.085	-0.074639	-0.180335	561	834	1	46160
52	231.593410368	50	0.0	-0.085	-0.077582	-0.182861	445	790	1	22626
53	240.898709338	90	0.0	-0.085	-0.059597	-0.192069	506	790	1	4832
54	228.009706328	130	0.0	-0.085	-0.080448	-0.174377	834	836	1	6772
55	247.12867799	130	0.0	-0.085	-0.047202	-0.196899	886	831	1	5396
56	245.050428536	50	0.0	-0.085	-0.051357	-0.195389	561	826	1	5728
57	44.4856056961	90	0.0	-0.085	0.085916	-0.000613	679	857	1	14769
58	246.260856478	90	0.0	-0.085	-0.048707	-0.195752	555	801	1	21129
59	230.913521241	130	0.0	-0.085	-0.076454	-0.179122	817	865	1	18873
60	63.2040020001	50	0.0	-0.085	0.055920	0.025722	447	744	1	8014
61	234.942700403	130	0.0	-0.085	-0.069758	-0.184413	850	846	1	20886
62	77.6598960263	50	0.0	-0.085	0.026105	0.034327	625	856	1	13639
63	232.216805551	90	0.0	-0.085	-0.075738	-0.182700	706	857	1	7170
118	119.391550134	130	0.0	-0.085	-0.059237	0.020165	1074	700	2	6392
119	87.2110009374	90	0.0	-0.085	0.005942	0.036973	741	873	2	5108
120	49.525593838	50	0.0	-0.085	0.079065	0.007657	390	743	2	6824
121	114.114727992	130	0.0	-0.085	-0.049195	0.024901	1018	777	2	17845
122	48.7231683958	50	0.0	-0.085	0.079832	0.005945	523	749	2	9760
123	85.1969530945	90	0.0	-0.085	0.010161	0.035927	740	842	2	4632
124	44.0053861892	50	0.0	-0.085	0.086787	-0.001175	316	674	2	7640
125	91.3918450525	90	0.0	-0.085	-0.002919	0.035138	860	833	2	4778
126	128.623172706	130	0.0	-0.085	-0.075314	0.009266	1121	651	2	5352
127	80.8048255302	90	0.0	-0.085	0.019523	0.035603	601	832	2	5196
128	53.2351623521	50	0.0	-0.085	0.073248	0.013038	378	729	2	4680
129	116.563342965	130	0.0	-0.085	-0.053663	0.022334	1027	763	2	4715
130	113.598261049	130	0.0	-0.085	-0.048243	0.025433	1023	763	2	6618
131	92.3726948994	90	0.0	-0.085	-0.005016	0.036057	882	845	2	4936
132	66.4129329778	50	0.0	-0.085	0.048650	0.026424	560	824	2	4216
133	78.927332053	90	0.0	-0.085	0.023330	0.034215	636	851	2	4472
134	113.98935972	130	0.0	-0.085	-0.048940	0.024976	1045	750	2	4489
135	58.8229393687	50	0.0	-0.085	0.063030	0.019169	413	760	2	4084
190	132.430775712	130	0.0	-0.085	-0.083696	0.006560	1071	718	3	9772
191	83.2573190312	90	0.0	-0.085	0.014299	0.035944	757	851	3	4324
192	61.9526104364	50	0.0	-0.085	0.057145	0.022260	525	819	3	4149
193	49.0991570068	50	0.0	-0.085	0.079561	0.006845	386	747	3	4267
194	81.807302621	90	0.0	-0.085	0.017340	0.035440	734	865	3	4920
195	105.452557862	130	0.0	-0.085	-0.032354	0.032041	897	826	3	4858
196	112.070125852	130	0.0	-0.085	-0.045777	0.027904	1047	776	3	4113
197	42.2840976256	50	0.0	-0.085	0.089305	-0.003784	330	687	3	4213
198	70.5897607386	90	0.0	-0.085	0.040305	0.029387	608	856	3	4564
199	104.443055781	130	0.0	-0.085	-0.029956	0.031308	942	768	3	4606
200	61.559907161	50	0.0	-0.085	0.057815	0.021748	545	810	3	4144
201	90.1389489995	90	0.0	-0.085	-0.000294	0.036231	868	867	3	4249
202	77.7451527619	90	0.0	-0.085	0.025818	0.033862	741	878	3	3989
203	102.685139598	130	0.0	-0.085	-0.026712	0.033674	941	822	3	4729
204	63.7334553655	50	0.0	-0.085	0.053563	0.023536	547	832	3	5018
205	117.772090064	130	0.0	-0.085	-0.056346	0.021996	1120	643	3	4450
206	50.4561020147	50	0.0	-0.085	0.077072	0.008350	418	763	3	4669
207	72.7571302866	90	0.0	-0.085	0.035694	0.030004	646	820	3	5861
262	83.014221758	90	0.0	-0.085	0.014861	0.036282	737	853	4	6747
263	138.543916172	130	0.0	-0.085	-0.090209	-0.005313	1128	632	4	3909
264	38.444679717	50	0.0	-0.085	0.095809	-0.008941	519	693	4	3964
265	104.858079738	130	0.0	-0.085	-0.030894	0.031451	906	848	4	4589
266	87.0005873799	90	0.0	-0.085	0.006303	0.035292	750	855	4	3602
267	66.102985145	50	0.0	-0.085	0.049131	0.025886	547	829	4	4101
268	94.0921142506	90	0.0	-0.085	-0.008608	0.035320	857	839	4	4211
269	42.442903714	50	0.0	-0.085	0.089906	-0.002781	368	706	4	3891
270	127.550317982	130	0.0	-0.085	-0.073400	0.010483	1128	691	4	4009
271	88.6081943911	90	0.0	-0.085	0.002948	0.036335	728	873	4	3913
272	63.3452634801	50	0.0	-0.085	0.054857	0.024286	525	844	4	3649
273	99.1416079988	130	0.0	-0.085	-0.019234	0.034526	905	827	4	3609
274	50.8243012028	50	0.0	-0.085	0.077400	0.009984	402	762	4	3581
275	114.645477297	130	0.0	-0.085	-0.050758	0.025633	1048	753	4	3609
276	84.208417792	90	0.0	-0.085	0.012289	0.036160	701	876	4	3627
277	107.312822846	130	0.0	-0.085	-0.036290	0.031422	947	822	4	4009
278	67.2278842	50	0.0	-0.085	0.046657	0.026144	541	821	4	4041
279	93.9138340528	90	0.0	-0.085	-0.008196	0.034797	883	846	4	3643
