trial	targetangle_deg	arcangle_deg	homex_cm	homey_cm	handx_cm	handy_cm	tapx_cm	tapy_cm	block	time_ms	selected
46	54.7	50	0	0	6.9471	9.8118	8.034	4.434	1	16172	1
47	136.34	130	0	0	-8.7459	8.3453	-7.7344	5.38	1	9940	1
48	127.12	90	0	0	-7.304	9.6507	-6.5911	6.498	1	7075	1
49	50.761	90	0	0	7.6349	9.3483	4.3658	6.928	1	8623	1
50	142.08	130	0	0	-9.5032	7.4035	-10.593	3.0007	1	5149	1
51	67.579	50	0	0	4.6119	11.178	4.4611	7.4727	1	6609	1
52	96.902	90	0	0	-1.4487	11.969	-1.2556	9.2787	1	4849	1
53	105.68	130	0	0	-3.2493	11.573	-2.6847	8.6193	1	8649	1
54	73.633	50	0	0	3.4561	11.768	2.365	7.1573	1	15104	1
55	94.733	90	0	0	-0.9963	12.034	-1.7558	8.8773	1	5450	1
56	77.417	50	0	0	2.6284	11.775	3.0558	7.358	1	5149	1
57	119.91	130	0	0	-6.0287	10.479	-5.5192	7.0713	1	6435	1
58	137.87	130	0	0	-8.9766	8.1188	-10.188	3.316	1	4769	1
59	74.3	90	0	0	3.254	11.576	2.8414	8.2467	1	5509	1
60	31.383	50	0	0	10.246	6.2504	9.3917	0.42067	1	13539	0
61	133.33	130	0	0	-8.2981	8.7958	-10.307	3.6887	1	9609	1
62	52.678	50	0	0	7.3472	9.6369	7.5576	6.756	1	8270	1
63	120.36	90	0	0	-6.1235	10.453	-4.8999	8.304	1	7139	1
118	96.748	50	0	0	-1.4122	11.935	-0.11223	8.218	2	7910	1
119	130.95	130	0	0	-7.9261	9.1341	-8.4252	6.0967	2	6159	1
120	115.77	90	0	0	-5.2345	10.843	-4.6856	8.5047	2	6578	1
121	130.96	130	0	0	-7.9185	9.1207	-7.9488	6.1827	2	5855	1
122	41.379	50	0	0	9.0828	8.0017	7.8911	4.4627	2	5749	1
123	70.835	90	0	0	3.9628	11.402	3.8894	7.014	2	6369	1
124	117.56	130	0	0	-5.5637	10.662	-6.5673	7.3867	2	8549	1
125	96.503	90	0	0	-1.3619	11.947	-1.4461	8.476	2	6249	1
126	35.963	50	0	0	9.7438	7.0698	8.701	4.004	2	6016	1
127	138.9	130	0	0	-9.068	7.911	-10.14	3.5453	2	6849	1
128	36.554	50	0	0	9.7275	7.2122	8.9868	2.6853	2	5496	1
129	93.618	90	0	0	-0.7606	12.031	-2.4227	9.1067	2	6608	1
130	76.423	50	0	0	2.8193	11.674	3.2463	8.1893	2	7749	1
131	120.63	130	0	0	-6.1231	10.342	-6.5911	6.9567	2	6389	1
132	70.13	90	0	0	4.0913	11.321	3.5798	9.1927	2	7169	1
133	146.24	130	0	0	-10.057	6.7228	-10.474	1.51	2	5417	1
134	71.471	50	0	0	3.8526	11.495	3.6512	7.6733	2	5689	1
135	95.333	90	0	0	-1.1196	11.994	-1.9463	8.82	2	5729	1
190	121.29	90	0	0	-6.238	10.265	-6.3053	7.272	3	8340	1
191	30.886	50	0	0	10.366	6.2005	9.2726	0.36334	3	6618	1
192	135.74	130	0	0	-8.5983	8.378	-9.9735	3.402	3	6712	1
193	57.68	50	0	0	6.4838	10.248	5.8426	5.724	3	5372	1
194	100.22	90	0	0	-2.1545	11.951	-4.5665	8.304	3	5804	1
195	101.44	130	0	0	-2.3967	11.843	-5.3525	7.5587	3	5789	1
196	56.733	90	0	0	6.6165	10.085	4.5564	7.358	3	5154	1
197	133.78	130	0	0	-8.3715	8.7372	-10.045	3.8893	3	5009	1
198	56.561	50	0	0	6.6809	10.117	6.6525	5.208	3	5262	1
199	61.399	50	0	0	5.8059	10.648	4.4611	6.5267	3	5516	1
200	78.714	90	0	0	2.3736	11.894	0.76909	9.422	3	5284	1
201	142.01	130	0	0	-9.5388	7.4511	-10.355	2.714	3	5182	1
202	89.347	90	0	0	0.1379	12.101	-1.327	9.2213	3	4689	1
203	47.917	50	0	0	8.1121	8.9831	8.0817	4.2333	3	4356	1
204	98.883	130	0	0	-1.8608	11.905	-4.4235	8.4187	3	4886	1
205	66.262	50	0	0	4.9187	11.185	2.7699	7.6447	3	4669	1
206	93.456	90	0	0	-0.7259	12.021	-3.566	8.5047	3	4769	1
207	114.09	130	0	0	-4.9316	11.029	-7.9488	6.0393	3	4849	1
262	96.185	90	0	0	-1.2981	11.978	-1.327	8.1893	4	13429	1
263	142.17	130	0	0	-9.5378	7.4055	-10.164	4.004	4	5879	1
264	41.227	50	0	0	9.1742	8.039	8.1293	3.9467	4	6229	1
265	121	130	0	0	-6.1966	10.311	-7.8774	6.326	4	6549	1
266	106.04	90	0	0	-3.3217	11.551	-5.019	7.186	4	5350	1
267	53.369	50	0	0	7.1611	9.6314	4.5326	7.014	4	6389	1
268	48.349	50	0	0	8.1145	9.1233	7.4385	4.9787	4	5910	1
269	66.038	90	0	0	4.8874	10.997	2.1744	8.0173	4	6950	1
270	138.88	130	0	0	-9.1093	7.9534	-10.045	3.402	4	5629	1
271	57.734	50	0	0	6.4203	10.169	6.4858	5.38	4	5969	1
272	102.37	90	0	0	-2.5786	11.754	-3.5899	7.8453	4	5709	1
273	117.56	130	0	0	-5.5884	10.708	-5.9004	6.8707	4	6509	1
274	136.63	130	0	0	-8.7331	8.2484	-10.426	2.6567	4	6009	1
275	54.962	50	0	0	6.9056	9.8482	4.8184	6.8707	4	5669	1
276	84.66	90	0	0	1.118	11.962	0.054511	10.024	4	5629	1
277	113.77	130	0	0	-4.8617	11.037	-5.5431	8.648	4	6170	1
278	68.555	50	0	0	4.4049	11.214	3.8656	8.4473	4	6759	1
279	78.297	90	0	0	2.4483	11.819	2.3888	8.39	4	7056	1
