trial	targetangle_deg	arcangle_deg	homex_cm	homey_cm	handx_cm	handy_cm	tapx_cm	tapy_cm	block	time_ms	selected
46	88.111	90	0	0	0.3967	12.03	-1.318	11.993	1	3855	1
47	115.33	130	0	0	-5.1917	10.971	-5.272	10.273	1	3388	1
48	64.423	50	0	0	5.2611	10.992	5.7802	10.761	1	3049	1
49	66.054	50	0	0	4.8735	10.974	4.3272	11.305	1	3079	1
50	92.187	90	0	0	-0.4643	12.16	-1.2942	12.137	1	2829	1
51	115.06	130	0	0	-5.1292	10.969	-4.7956	10.675	1	3009	1
52	95.381	90	0	0	-1.1306	12.004	-1.9849	12.337	1	3009	1
53	125.26	130	0	0	-6.9858	9.8821	-7.7969	8.238	1	2929	1
54	70.486	50	0	0	4.0964	11.559	5.28	9.958	1	2849	1
55	135.9	130	0	0	-8.8418	8.5678	-8.3685	7.0627	1	3129	1
56	87.983	90	0	0	0.4258	12.092	-0.62723	12.653	1	3029	1
57	60.783	50	0	0	5.8642	10.486	5.28	10.646	1	3109	1
58	145.02	130	0	0	-9.9405	6.9545	-9.7024	5.3427	1	6749	1
59	69.611	90	0	0	4.2486	11.431	4.0652	11.449	1	3069	1
60	78.084	50	0	0	2.4912	11.805	3.0172	11.105	1	3148	1
61	45.809	50	0	0	8.5081	8.7519	5.9946	9.9293	1	2928	1
62	118.76	130	0	0	-5.8281	10.619	-5.6055	10.589	1	3150	1
63	101.77	90	0	0	-2.4497	11.755	-3.0806	11.563	1	2849	1
118	93.408	90	0	0	-0.7142	11.995	-2.509	11.535	2	3015	1
119	114.66	130	0	0	-5.1669	11.253	-5.534	10.847	2	2709	1
120	67.164	50	0	0	4.6877	11.132	5.6611	10.732	2	2769	1
121	39.669	50	0	0	9.5972	7.9589	9.9486	6.0593	2	2769	1
122	111.99	130	0	0	-4.5857	11.358	-5.4864	9.958	2	2669	1
123	92.266	90	0	0	-0.4864	12.294	-0.15084	11.621	2	2789	1
124	112.1	90	0	0	-4.5383	11.175	-4.2954	10.847	2	2669	1
125	114.78	130	0	0	-5.0338	10.907	-4.4622	11.076	2	2689	1
126	32.49	50	0	0	10.599	6.7498	10.496	5.572	2	2669	1
127	75.904	50	0	0	2.9533	11.761	3.2792	11.076	2	2769	1
128	90.886	90	0	0	-0.1877	12.133	-0.24611	11.821	2	2769	1
129	116.21	130	0	0	-5.3124	10.789	-6.0342	9.9007	2	2609	1
130	89.241	90	0	0	0.1594	12.036	-0.19848	12.194	2	2688	1
131	119.3	130	0	0	-5.9824	10.659	-6.2724	9.9293	2	2689	1
132	71.423	50	0	0	3.8624	11.492	4.5178	11.076	2	2848	1
133	75.25	50	0	0	3.1224	11.86	2.8266	11.248	2	2828	1
134	71.953	90	0	0	3.8287	11.751	4.5892	10.445	2	2929	1
135	141.08	130	0	0	-9.432	7.6148	-9.6786	6.0593	2	3029	1
190	67.193	50	0	0	4.6657	11.095	3.827	11.133	3	2950	1
191	87.699	90	0	0	0.4947	12.313	-0.29375	12.251	3	2668	1
192	142.86	130	0	0	-9.6277	7.2913	-9.6072	6.088	3	2670	1
193	84.542	90	0	0	1.1625	12.166	2.112	11.477	3	2579	1
194	32.629	50	0	0	10.512	6.73	10.02	5.0847	3	2669	1
195	111.4	130	0	0	-4.4145	11.266	-5.1767	10.732	3	2689	1
196	88.475	90	0	0	0.3272	12.289	1.0401	11.735	3	2568	1
197	80.209	50	0	0	2.0819	12.065	3.2077	11.85	3	2769	1
198	111.28	130	0	0	-4.3619	11.198	-4.4145	10.761	3	2589	1
199	128.15	130	0	0	-7.6347	9.7177	-7.3919	9.356	3	2729	1
200	92.757	90	0	0	-0.5912	12.278	-0.34139	12.28	3	2789	1
201	70.582	50	0	0	3.994	11.33	4.4701	11.133	3	3049	1
202	114.09	90	0	0	-4.9857	11.149	-4.486	10.503	3	2769	1
203	116.7	130	0	0	-5.446	10.829	-5.7722	9.9007	3	2649	1
204	64.617	50	0	0	5.2152	10.992	4.1367	10.99	3	2969	1
205	123.73	130	0	0	-6.6797	10.003	-7.1538	9.0693	3	2809	1
206	32.928	50	0	0	10.166	6.5838	9.9962	4.884	3	2869	1
207	103.81	90	0	0	-2.8948	11.781	-2.2231	10.703	3	2909	1
262	123.88	130	0	0	-6.7413	10.038	-7.8683	8.754	4	2790	1
263	93.216	90	0	0	-0.6811	12.12	-2.1993	12.28	4	2828	1
264	70.797	50	0	0	3.9829	11.436	4.1605	11.477	4	2950	1
265	135.63	130	0	0	-8.7758	8.5836	-8.9164	6.862	4	2689	1
266	72.138	50	0	0	3.7913	11.765	3.6603	11.305	4	2689	1
267	101.7	90	0	0	-2.4638	11.901	-2.9377	11.363	4	2829	1
268	109.56	90	0	0	-4.0508	11.398	-4.7004	11.105	4	2968	1
269	34.539	50	0	0	9.9267	6.8323	9.4484	6.2313	4	2749	1
270	117.74	130	0	0	-5.7602	10.953	-6.4154	9.5853	4	2829	1
271	49.405	50	0	0	7.8875	9.2041	6.9474	8.8687	4	2689	1
272	134.31	130	0	0	-8.5207	8.7288	-8.4876	7.2347	4	2949	1
273	89.365	90	0	0	0.1386	12.51	-0.12702	11.162	4	2909	1
274	72.128	50	0	0	3.7162	11.525	3.4935	11.076	4	3269	1
275	110.71	90	0	0	-4.2569	11.258	-4.5098	10.933	4	2968	1
276	107.12	130	0	0	-3.5828	11.63	-3.1997	11.477	4	2729	1
277	55.149	50	0	0	6.9439	9.972	5.3276	10.331	4	2988	1
278	137.65	130	0	0	-9.041	8.2411	-9.3213	6.1167	4	2830	1
279	106.33	90	0	0	-3.3977	11.597	-3.819	11.219	4	2809	1
