Trial#	TargetAngle	ArcAngle	XHomePosition(m)	YHomePosition(m)	XTarget(m)	YTarget(m)	XTouch	YTouch	Block#	Time(ms)
91	83.6008541617	50	0.0	-0.085	0.013792	0.037975	666	679	1	2669
92	131.646783305	130	0.0	-0.085	-0.081413	0.006547	1155	533	1	2688
93	91.3133754619	90	0.0	-0.085	-0.002816	0.037826	793	681	1	2670
94	81.0274475007	50	0.0	-0.085	0.018804	0.034093	642	652	1	2908
95	133.173268932	130	0.0	-0.085	-0.083384	0.003878	1141	555	1	2750
96	75.2097472523	90	0.0	-0.085	0.031029	0.032521	622	636	1	2810
97	84.860490809	50	0.0	-0.085	0.010898	0.036166	673	650	1	2869
98	109.711471812	90	0.0	-0.085	-0.040657	0.028479	913	652	1	2909
99	111.861724976	130	0.0	-0.085	-0.045060	0.027307	970	664	1	2769
100	135.765288515	130	0.0	-0.085	-0.086864	-0.000426	1139	550	1	2549
101	80.6193177029	50	0.0	-0.085	0.019840	0.035095	654	663	1	2729
102	117.817080392	90	0.0	-0.085	-0.056265	0.021639	983	623	1	2859
103	114.716197259	90	0.0	-0.085	-0.050273	0.024220	997	635	1	2969
104	37.2194049556	50	0.0	-0.085	0.096812	-0.011464	374	476	1	2809
105	143.745151576	130	0.0	-0.085	-0.098305	-0.012907	1202	463	1	2649
106	118.354736069	130	0.0	-0.085	-0.057256	0.021093	1017	614	1	2809
107	52.5289832439	50	0.0	-0.085	0.074119	0.011695	503	569	1	2708
108	98.0630747853	90	0.0	-0.085	-0.017024	0.035172	827	689	1	2769
235	102.247106043	90	0.0	-0.085	-0.025603	0.032949	921	658	2	2951
236	116.594205916	130	0.0	-0.085	-0.054689	0.024239	960	668	2	2634
237	82.455223543	50	0.0	-0.085	0.015861	0.034753	656	664	2	2609
238	61.2919162696	50	0.0	-0.085	0.058791	0.022348	481	573	2	2728
239	139.68943149	130	0.0	-0.085	-0.093760	-0.005456	1145	508	2	2609
240	80.0362962212	90	0.0	-0.085	0.021025	0.034682	607	636	2	2829
241	119.475659765	90	0.0	-0.085	-0.060515	0.022066	984	648	2	2629
242	77.669592629	50	0.0	-0.085	0.025820	0.033120	645	655	2	2589
243	138.055844342	130	0.0	-0.085	-0.090490	-0.003682	1090	568	2	2629
244	128.056240594	130	0.0	-0.085	-0.074940	0.010725	1052	603	2	2569
245	78.4863835608	50	0.0	-0.085	0.024159	0.033601	627	661	2	2648
246	107.525497691	90	0.0	-0.085	-0.036753	0.031385	829	669	2	2609
247	70.0664990033	50	0.0	-0.085	0.041011	0.028085	509	580	2	2709
248	144.418216149	130	0.0	-0.085	-0.097638	-0.015145	1203	457	2	2579
249	114.886501847	90	0.0	-0.085	-0.051052	0.025050	949	648	2	2609
250	36.8497468376	50	0.0	-0.085	0.097837	-0.011676	401	489	2	2629
251	141.068672672	130	0.0	-0.085	-0.093752	-0.009267	1153	513	2	2589
252	101.878718128	90	0.0	-0.085	-0.024810	0.032949	895	667	2	2429
379	67.6412373396	50	0.0	-0.085	0.046040	0.026930	640	629	3	2910
380	127.777823762	130	0.0	-0.085	-0.075535	0.012457	1081	595	3	2449
381	74.2345798278	90	0.0	-0.085	0.033303	0.032962	625	634	3	2789
382	113.604863781	90	0.0	-0.085	-0.048606	0.026229	979	636	3	2829
383	71.1005164317	50	0.0	-0.085	0.039013	0.028951	614	639	3	2609
384	134.21512133	130	0.0	-0.085	-0.085890	0.003276	1124	553	3	2469
385	71.7734201964	90	0.0	-0.085	0.038076	0.030628	615	636	3	2689
386	138.180269088	130	0.0	-0.085	-0.091568	-0.003072	1113	578	3	2889
387	34.397098276	50	0.0	-0.085	0.100390	-0.016269	367	438	3	2609
388	103.189191388	90	0.0	-0.085	-0.027884	0.033985	834	667	3	2549
389	84.4978820499	50	0.0	-0.085	0.011726	0.036732	672	661	3	2589
390	119.443267573	130	0.0	-0.085	-0.059672	0.020714	946	648	3	2489
391	93.5438711522	90	0.0	-0.085	-0.007547	0.036861	804	676	3	2629
392	81.9782509198	50	0.0	-0.085	0.016885	0.034813	644	671	3	2648
393	129.429381019	130	0.0	-0.085	-0.076753	0.008343	1061	621	3	2389
394	46.2374638804	50	0.0	-0.085	0.084722	0.003463	405	495	3	2689
395	139.060885896	130	0.0	-0.085	-0.091343	-0.005767	1159	508	3	2708
396	81.2069573494	90	0.0	-0.085	0.018636	0.035478	635	625	3	2629
523	128.303534607	130	0.0	-0.085	-0.075923	0.011123	1114	555	4	3250
524	108.075937603	90	0.0	-0.085	-0.037347	0.029426	966	653	4	2449
525	68.1695855517	50	0.0	-0.085	0.045423	0.028391	635	647	4	2648
526	139.618027634	130	0.0	-0.085	-0.091453	-0.007217	1158	523	4	2609
527	113.88756603	90	0.0	-0.085	-0.048610	0.024759	934	648	4	2669
528	72.1467924943	50	0.0	-0.085	0.037469	0.031331	641	634	4	2689
529	130.92937368	130	0.0	-0.085	-0.080105	0.007380	1100	579	4	2789
530	84.4641635833	90	0.0	-0.085	0.011915	0.037936	716	659	4	2709
531	43.6090238438	50	0.0	-0.085	0.086918	-0.002203	463	529	4	2709
532	129.014285753	130	0.0	-0.085	-0.076515	0.009440	1093	566	4	2749
533	52.2325369065	50	0.0	-0.085	0.075826	0.012869	542	593	4	2949
534	117.186711378	90	0.0	-0.085	-0.055405	0.022868	974	610	4	2549
535	42.8288190642	50	0.0	-0.085	0.088180	-0.003262	466	530	4	2589
536	103.538904224	90	0.0	-0.085	-0.028762	0.034445	838	635	4	2518
537	123.528883864	130	0.0	-0.085	-0.067145	0.016334	1019	621	4	2589
538	81.1205014729	50	0.0	-0.085	0.019057	0.036981	671	622	4	2649
539	152.75638011	130	0.0	-0.085	-0.110052	-0.028335	1187	442	4	2609
540	75.5729394193	90	0.0	-0.085	0.030156	0.032220	624	622	4	2489
