Trial#	TargetAngle	ArcAngle	XHomePosition(m)	YHomePosition(m)	XTarget(m)	YTarget(m)	XTouch	YTouch	Block#	Time(ms)
73	6.57794684835	50	0.0	-0.085	0.110429	-0.072266	340	399	1	3188
74	67.9554785311	90	0.0	-0.085	0.041656	0.017872	712	655	1	3593
75	130.718662243	130	0.0	-0.085	-0.073850	0.000802	984	619	1	3330
76	125.707122554	90	0.0	-0.085	-0.064948	0.005361	979	608	1	2949
77	163.874811871	130	0.0	-0.085	-0.109124	-0.053451	1179	401	1	3109
78	50.1541832592	50	0.0	-0.085	0.076031	0.006107	510	567	1	3069
79	121.76363185	130	0.0	-0.085	-0.060887	0.013340	997	621	1	3189
80	40.7097467088	50	0.0	-0.085	0.086309	-0.010737	378	456	1	3189
81	102.202023583	90	0.0	-0.085	-0.024278	0.027271	908	638	1	2949
82	133.24028432	130	0.0	-0.085	-0.079126	-0.000858	1017	589	1	3209
83	21.7519937475	50	0.0	-0.085	0.110787	-0.040796	391	457	1	3069
84	88.0437328805	90	0.0	-0.085	0.003842	0.027482	725	621	1	3049
85	103.815563622	130	0.0	-0.085	-0.026706	0.023600	887	620	1	2828
86	136.936566067	90	0.0	-0.085	-0.081727	-0.008619	995	593	1	3090
87	53.2752918587	50	0.0	-0.085	0.068905	0.007360	506	543	1	3110
88	117.665698442	130	0.0	-0.085	-0.057466	0.024616	965	599	1	3109
89	93.6677429404	90	0.0	-0.085	-0.007276	0.028507	845	613	1	3429
90	26.1577162117	50	0.0	-0.085	0.103271	-0.034279	386	425	1	3577
145	20.0838397448	50	0.0	-0.085	0.105930	-0.046269	333	430	2	2741
146	136.365089085	130	0.0	-0.085	-0.082921	-0.005939	1007	604	2	2809
147	130.072746246	90	0.0	-0.085	-0.074770	0.003878	995	604	2	2589
148	171.238162581	130	0.0	-0.085	-0.115905	-0.067136	1204	395	2	2909
149	100.505011048	90	0.0	-0.085	-0.020604	0.026115	823	636	2	2789
150	39.3182721821	50	0.0	-0.085	0.089354	-0.011817	421	478	2	2934
151	69.0298492528	90	0.0	-0.085	0.041241	0.022604	568	577	2	2909
152	12.831720274	50	0.0	-0.085	0.113282	-0.059197	338	384	2	3068
153	159.249120384	130	0.0	-0.085	-0.107405	-0.044306	1183	413	2	4610
154	97.6786114556	90	0.0	-0.085	-0.015484	0.029845	834	633	2	2989
155	125.371775395	130	0.0	-0.085	-0.066328	0.008430	863	584	2	3909
156	61.9111362602	50	0.0	-0.085	0.055523	0.019034	510	551	2	3849
157	68.3403529022	90	0.0	-0.085	0.042826	0.022838	633	570	2	6866
158	135.588469498	130	0.0	-0.085	-0.083459	-0.003238	916	629	2	5328
159	62.7460746929	50	0.0	-0.085	0.054406	0.020618	558	571	2	3584
160	59.9412799095	90	0.0	-0.085	0.056859	0.013250	613	589	2	3734
161	48.1692405188	50	0.0	-0.085	0.075722	-0.000401	1175	123	2	3158
162	136.952215525	130	0.0	-0.085	-0.083626	-0.006887	1117	534	2	3616
217	65.5104121619	90	0.0	-0.085	0.046822	0.017791	661	617	3	3140
218	121.947343106	130	0.0	-0.085	-0.059356	0.010184	992	610	3	2682
219	83.421899145	50	0.0	-0.085	0.013375	0.030985	716	619	3	2668
220	116.637399178	130	0.0	-0.085	-0.050495	0.015672	961	616	3	2977
221	99.9500993635	90	0.0	-0.085	-0.020114	0.029656	878	631	3	2846
222	78.3979879707	50	0.0	-0.085	0.023598	0.029940	723	626	3	3069
223	6.47531038256	50	0.0	-0.085	0.120556	-0.071317	345	382	3	3138
224	93.107909605	90	0.0	-0.085	-0.006131	0.027917	832	619	3	3089
225	128.273147851	130	0.0	-0.085	-0.072117	0.006404	987	609	3	2969
226	77.2071402567	50	0.0	-0.085	0.025291	0.026383	712	634	3	3198
227	82.8090535538	90	0.0	-0.085	0.014235	0.027825	766	680	3	3230
228	121.330355264	130	0.0	-0.085	-0.059902	0.013404	998	605	3	2669
229	126.835825939	90	0.0	-0.085	-0.069564	0.007867	990	596	3	2667
230	101.08723129	130	0.0	-0.085	-0.022142	0.027992	910	599	3	2709
231	49.9344311738	50	0.0	-0.085	0.074952	0.004117	541	549	3	2709
232	24.6280573655	50	0.0	-0.085	0.104073	-0.037290	333	393	3	2879
233	94.2531193826	90	0.0	-0.085	-0.008840	0.033869	828	636	3	2629
234	119.303274731	130	0.0	-0.085	-0.059388	0.020814	906	621	3	2949
289	107.96625152	130	0.0	-0.085	-0.035081	0.023185	993	622	4	4344
290	10.6259891986	50	0.0	-0.085	0.113600	-0.063687	371	395	4	3669
291	96.2629069822	90	0.0	-0.085	-0.012593	0.029747	843	624	4	2785
292	126.302724998	130	0.0	-0.085	-0.070205	0.010563	976	617	4	2831
293	64.5545175025	50	0.0	-0.085	0.049534	0.019105	637	610	4	2931
294	119.55599024	90	0.0	-0.085	-0.058348	0.017895	940	621	4	3171
295	78.2456879418	90	0.0	-0.085	0.023845	0.029596	695	578	4	2939
296	4.9901306916	50	0.0	-0.085	0.121617	-0.074381	348	399	4	2985
297	130.251106661	130	0.0	-0.085	-0.072080	0.000141	898	545	4	3239
298	153.950323205	130	0.0	-0.085	-0.107650	-0.032380	1133	464	4	2977
299	-10.8915207632	50	0.0	-0.085	0.117355	-0.107581	355	408	4	3088
300	77.103184492	90	0.0	-0.085	0.027432	0.034805	631	563	4	3183
301	73.1697324525	50	0.0	-0.085	0.033520	0.025812	671	608	4	2869
302	148.541298519	130	0.0	-0.085	-0.099240	-0.024284	1211	418	4	2929
303	90.3347865808	90	0.0	-0.085	-0.000675	0.030519	783	641	4	3098
304	125.662021215	130	0.0	-0.085	-0.066205	0.007263	912	622	4	2688
305	116.533147047	90	0.0	-0.085	-0.050946	0.017034	1021	593	4	2816
306	55.3359919247	50	0.0	-0.085	0.069483	0.015481	505	540	4	3120
