trial	targetangle_deg	arcangle_deg	homex_cm	homey_cm	handx_cm	handy_cm	tapx_cm	tapy_cm	block	time_ms	selected
91	121.78	130	0	0	-6.5849	10.63	-3.6047	11.675	1	3732	1
92	124.21	90	0	0	-7.0088	10.308	-4.8909	10.614	1	3052	1
93	5.1734	50	0	0	12.957	1.1731	10.687	5.024	1	3436	1
94	95.875	90	0	0	-1.2916	12.552	-0.74632	12.191	1	3166	1
95	44.305	50	0	0	8.9372	8.723	4.6369	11.302	1	3558	1
96	128.47	130	0	0	-7.9704	10.03	-4.7718	10.614	1	3201	1
97	44.123	50	0	0	8.6595	8.3984	7.7572	7.002	1	5931	1
98	121.77	90	0	0	-6.3887	10.318	-4.3669	9.7253	1	5923	1
99	106	130	0	0	-3.3158	11.567	-2.3184	11.531	1	4437	1
100	120.93	130	0	0	-6.1706	10.296	-3.6523	10.843	1	3863	1
101	55.398	50	0	0	6.8511	9.9304	5.0418	10.901	1	3917	1
102	91.17	90	0	0	-0.248	12.14	-0.12702	11.417	1	4415	1
103	65.53	50	0	0	4.9775	10.937	4.8036	10.413	1	3735	1
104	125.8	130	0	0	-7.1631	9.9301	-3.7714	10.815	1	3447	1
105	125.92	90	0	0	-7.1825	9.9166	-4.0096	10.012	1	3799	1
106	62.311	90	0	0	5.6262	10.721	5.4467	10.385	1	3457	1
107	139.95	130	0	0	-9.2914	7.811	-6.7965	8.8367	1	3348	1
108	74.228	50	0	0	3.3281	11.783	2.1358	10.815	1	3467	1
235	124.05	90	0	0	-6.9492	10.285	-4.9862	10.843	2	2805	1
236	43.097	50	0	0	8.9485	8.3729	6.5662	10.385	2	3110	1
237	114.96	130	0	0	-5.1097	10.977	-3.7714	10.557	2	2754	1
238	128.11	90	0	0	-8.0359	10.246	-5.1053	10.442	2	3166	1
239	6.3046	50	0	0	12.308	1.3598	10.496	5.282	2	3247	1
240	169.6	130	0	0	-12.244	2.2475	-9.9644	4.4507	2	4191	1
241	99.335	90	0	0	-1.966	11.96	-2.2708	11.302	2	4059	1
242	136.58	130	0	0	-8.7246	8.2564	-4.7718	10.041	2	3593	1
243	10.998	50	0	0	11.897	2.3122	10.544	4.594	2	4133	1
244	53.953	50	0	0	7.0834	9.7326	5.4229	10.098	2	3493	1
245	132.23	130	0	0	-8.2327	9.0699	-5.2482	9.6967	2	3509	1
246	141.12	90	0	0	-9.5386	7.691	-4.7718	10.184	2	7169	1
247	82.491	90	0	0	1.5781	11.972	-0.46049	10.958	2	3529	1
248	23.995	50	0	0	11.139	4.9583	10.449	4.078	2	3937	1
249	143.98	130	0	0	-9.8448	7.1571	-7.6301	7.4033	2	3029	1
250	118.92	90	0	0	-6.0651	10.976	-4.5098	10.585	2	4803	1
251	5.1332	50	0	0	12.006	1.0785	9.6151	4.5367	2	3829	1
252	136.54	130	0	0	-8.7293	8.2724	-7.2729	8.636	2	3905	1
379	124.14	130	0	0	-6.9838	10.298	-3.7476	11.904	3	3911	1
380	130.76	90	0	0	-7.9757	9.2524	-4.6289	10.557	3	3513	1
381	-2.7875	50	0	0	12.29	-0.5984	10.449	4.1067	3	3429	0
382	165.5	130	0	0	-11.688	3.0223	-10.584	3.476	3	2849	1
383	80.594	50	0	0	1.9851	11.984	3.1124	10.528	3	3434	1
384	89.863	90	0	0	0.0292	12.246	-0.74632	11.273	3	3653	1
385	43.536	90	0	0	9.0699	8.6178	5.4467	10.471	3	3765	1
386	144.91	130	0	0	-10.486	7.3673	-8.0827	7.2313	3	3479	1
387	52.724	50	0	0	7.313	9.6079	5.2085	9.066	3	3897	1
388	-2.345	50	0	0	12.415	-0.5084	10.449	5.454	3	3135	0
389	67.046	90	0	0	4.7394	11.19	2.8028	10.901	3	3335	1
390	155.4	130	0	0	-11.171	5.1145	-9.0355	5.0813	3	3343	1
391	52.968	50	0	0	7.2296	9.5827	5.018	10.815	3	3789	1
392	131.51	130	0	0	-7.9731	9.0093	-6.6059	9.238	3	3089	1
393	58.507	90	0	0	6.3994	10.446	5.7564	9.41	3	3961	1
394	74.833	50	0	0	3.2108	11.845	2.3502	10.901	3	3604	1
395	111.46	90	0	0	-4.6699	11.88	-3.1521	10.987	3	4078	1
396	119.13	130	0	0	-6.1811	11.089	-2.1517	10.815	3	3696	1
523	97.056	90	0	0	-1.5302	12.363	-0.00792	11.789	4	4171	1
524	86.49	50	0	0	0.74	12.063	1.9691	10.901	4	3306	1
525	157.84	130	0	0	-11.591	4.7206	-9.4642	5.454	4	3069	1
526	96.417	90	0	0	-1.3651	12.138	-1.7944	10.585	4	2892	1
527	131.63	130	0	0	-8.3489	9.3935	-4.8671	11.044	4	3124	1
528	42.608	50	0	0	9.166	8.4308	5.8278	10.27	4	3077	1
529	22.376	50	0	0	11.3	4.6519	8.6862	7.0307	4	3127	1
530	84.272	90	0	0	1.2453	12.415	0.30173	11.847	4	3352	1
531	130.11	130	0	0	-7.9509	9.4398	-4.486	11.13	4	3171	1
532	81.746	50	0	0	1.7269	11.905	2.112	11.56	4	2995	1
533	153.67	130	0	0	-11.199	5.5426	-9.5595	5.3393	4	2989	1
534	47.313	90	0	0	8.153	8.8394	4.8512	10.012	4	3275	1
535	100.64	90	0	0	-2.2902	12.189	-0.50813	11.445	4	2970	1
536	61.993	50	0	0	5.6651	10.652	4.2558	11.359	4	3416	1
537	134.66	130	0	0	-8.5633	8.6664	-7.9398	8.6933	4	3648	1
538	77.929	90	0	0	2.6913	12.585	3.9699	10.958	4	3792	1
539	136.95	130	0	0	-8.9981	8.4043	-6.7965	9.496	4	3532	1
540	49.978	50	0	0	7.9125	9.4225	5.6135	9.8973	4	3628	1
