trial	targetangle_deg	arcangle_deg	homex_cm	homey_cm	handx_cm	handy_cm	tapx_cm	tapy_cm	block	time_ms	selected
91	68.667	50	0	0	4.429	11.341	7.4366	8.394	1	5814	1
92	120.89	90	0	0	-6.2513	10.45	-5.1163	12.35	1	4846	1
93	150.64	130	0	0	-10.511	5.9121	-10.118	8.7953	1	4434	1
94	102.32	90	0	0	-2.5706	11.773	-2.5438	11.777	1	4181	1
95	62.367	50	0	0	5.5964	10.69	4.7926	8.48	1	5352	1
96	145.19	130	0	0	-9.8896	6.8748	-8.7368	9.512	1	4244	1
97	152.17	130	0	0	-10.672	5.6338	-9.7849	8.4513	1	4606	1
98	58.22	50	0	0	6.4093	10.345	5.1261	9.1967	1	4176	1
99	95.884	90	0	0	-1.2327	11.961	-2.3532	11.834	1	4177	1
100	64.39	50	0	0	5.2534	10.96	5.007	10.315	1	3608	1
101	94.941	90	0	0	-1.0349	11.97	-1.9006	11.117	1	3936	1
102	151.33	130	0	0	-10.608	5.8003	-9.5467	8.4513	1	3913	1
103	151.06	130	0	0	-10.597	5.8605	-10.571	8.394	1	3980	1
104	49.022	50	0	0	7.9106	9.1073	5.3167	8.738	1	3594	1
105	100.18	90	0	0	-2.1502	11.973	-4.2588	12.293	1	3863	1
106	143.62	130	0	0	-9.6961	7.1443	-9.5943	9.254	1	4845	1
107	94.39	90	0	0	-0.9276	12.082	-2.2341	11.748	1	3895	1
108	47.19	50	0	0	8.1863	8.8374	7.4366	7.018	1	4335	1
235	153.42	130	0	0	-10.872	5.4398	-10.309	9.6267	2	4801	1
236	61.665	50	0	0	5.7278	10.622	5.8169	9.6553	2	3803	1
237	100.08	90	0	0	-2.1144	11.898	-2.4723	11.433	2	5341	1
238	60.17	50	0	0	6.0094	10.48	6.722	9.4547	2	4603	1
239	110.91	90	0	0	-4.2897	11.225	-3.6394	11.834	2	4421	1
240	160.97	130	0	0	-11.431	3.9433	-11.619	6.4447	2	4267	1
241	61.804	50	0	0	5.7054	10.642	4.3877	9.942	2	3697	1
242	93.757	90	0	0	-0.79	12.031	1.0053	11.433	2	6633	1
243	151.16	130	0	0	-10.601	5.8376	-8.9988	8.394	2	4413	1
244	99.549	90	0	0	-2.0079	11.936	-2.6629	11.203	2	5661	1
245	61.538	50	0	0	5.7835	10.669	4.745	10.257	2	4349	1
246	155.94	130	0	0	-11.108	4.959	-10.452	7.5913	2	5704	1
247	98.664	90	0	0	-1.8149	11.911	-2.8534	11.375	2	4438	1
248	145.58	130	0	0	-9.9812	6.8404	-8.2366	9.942	2	5230	1
249	67.106	50	0	0	4.6777	11.077	3.0062	10.114	2	5180	1
250	98.819	90	0	0	-1.8409	11.866	-2.3532	11.547	2	4418	1
251	151.68	130	0	0	-10.678	5.7554	-10.214	7.4193	2	4439	1
252	56.502	50	0	0	6.6655	10.071	3.6969	10.716	2	5802	1
379	100.16	90	0	0	-2.1268	11.872	-2.0912	12.923	3	4446	1
380	50.377	50	0	0	7.6538	9.2444	5.6025	9.9707	3	3455	1
381	151.19	130	0	0	-10.574	5.8156	-9.7134	7.1613	3	4015	1
382	49.866	50	0	0	7.8038	9.2562	5.007	9.2827	3	3479	1
383	145.87	130	0	0	-9.9745	6.7614	-10.833	6.7887	3	3745	1
384	93.673	90	0	0	-0.7724	12.031	-1.7815	11.547	3	4079	1
385	151.02	130	0	0	-10.544	5.8404	-10.785	6.4447	3	3681	1
386	83.801	90	0	0	1.2983	11.952	0.14784	10.401	3	3492	1
387	50.552	50	0	0	7.7124	9.3732	6.1742	9.1107	3	3500	1
388	49.449	50	0	0	7.8411	9.1642	6.2694	8.1073	3	3154	1
389	144.2	130	0	0	-9.7692	7.0464	-10.523	7.8207	3	4118	1
390	96.041	90	0	0	-1.2638	11.942	-3.3298	10.831	3	4008	1
391	62.968	50	0	0	5.5327	10.843	4.6497	11.347	3	3472	1
392	146.35	130	0	0	-10.05	6.6889	-9.5943	7.878	3	4220	1
393	93.071	90	0	0	-0.6434	11.994	0.62423	11.175	3	4266	1
394	51.916	50	0	0	7.4644	9.5251	4.6021	9.942	3	4200	1
395	140.75	130	0	0	-9.3062	7.603	-7.522	10.028	3	4498	1
396	93.985	90	0	0	-0.8386	12.038	-1.9006	12.293	3	3592	1
523	156.49	130	0	0	-11.152	4.8502	-9.3323	8.5087	4	3775	1
524	53.137	50	0	0	7.284	9.7144	4.5068	10.343	4	3358	1
525	112.44	90	0	0	-4.59	11.112	-4.3779	11.891	4	3257	1
526	63.629	90	0	0	5.3606	10.813	-0.35236	11.805	4	3217	1
527	142.32	130	0	0	-9.5644	7.3881	-9.7849	8.9673	4	3097	1
528	46.651	50	0	0	8.4303	8.9308	4.9117	9.5407	4	2936	1
529	148.79	130	0	0	-10.329	6.257	-11.143	7.276	4	3401	1
530	90.644	90	0	0	-0.1352	12.036	-0.87639	11.347	4	3347	1
531	49.591	50	0	0	7.818	9.1832	4.6021	8.7953	4	3193	1
532	90.003	90	0	0	-0.0006	12.113	0.0049276	11.175	4	5605	1
533	48.254	50	0	0	8.0109	8.9767	5.3405	9.168	4	3479	1
534	143.73	130	0	0	-9.7268	7.1367	-9.6658	6.846	4	3721	1
535	146.35	130	0	0	-10.003	6.6579	-9.4038	8.2507	4	3313	1
536	48.858	50	0	0	7.956	9.1067	6.6982	8.738	4	4447	1
537	90.974	90	0	0	-0.2057	12.098	-1.7101	11.089	4	3681	1
538	144.29	130	0	0	-9.8172	7.0565	-10.095	7.4767	4	3339	1
539	71.247	90	0	0	3.9081	11.511	-0.42382	11.089	4	3097	1
540	45.353	50	0	0	8.5038	8.6091	6.8411	8.2793	4	3298	1
