trial	targetangle_deg	arcangle_deg	homex_cm	homey_cm	handx_cm	handy_cm	tapx_cm	tapy_cm	block	time_ms	selected
73	43.502	50	0	0	8.1626	7.7465	9.5108	7.0713	1	4664	1
74	128.52	130	0	0	-7.1204	8.9437	-6.996	8.734	1	4102	1
75	90.289	90	0	0	-0.0566	11.231	-1.5414	11.515	1	6940	1
76	83.562	90	0	0	1.2424	11.01	0.10215	12.346	1	2834	1
77	35.49	50	0	0	9.0717	6.4684	11.321	4.7207	1	4201	1
78	109.35	130	0	0	-3.7513	10.68	-3.0658	10.769	1	3073	1
79	96.436	90	0	0	-1.2618	11.186	-1.4223	11.515	1	2773	1
80	39.877	50	0	0	8.7134	7.2796	11.464	4.4627	1	2701	1
81	116.44	130	0	0	-5.0125	10.08	-6.472	10.282	1	3651	1
82	96.87	90	0	0	-1.351	11.214	-1.7081	11.4	1	2539	1
83	41.199	50	0	0	8.5268	7.4643	10.988	4.52	1	3017	1
84	114.55	130	0	0	-4.6786	10.244	-6.1624	10.311	1	2391	1
85	128.58	130	0	0	-7.0781	8.8739	-6.6149	7.702	1	2499	1
86	93.555	90	0	0	-0.7011	11.286	2.9367	11.457	1	2419	1
87	70.115	50	0	0	3.8665	10.69	9.3679	6.928	1	2705	1
88	105.06	130	0	0	-2.907	10.804	-2.8038	11.457	1	3143	1
89	93.116	90	0	0	-0.6181	11.353	0.12597	12.231	1	3029	1
90	84.358	50	0	0	1.0947	11.081	2.8414	12.059	1	2419	1
145	115.43	130	0	0	-4.7931	10.079	-6.8531	9.336	2	3271	1
146	55.532	50	0	0	6.3029	9.1819	9.2965	7.5013	2	2651	1
147	108.66	90	0	0	-3.6301	10.752	-3.7566	10.798	2	2555	1
148	155.29	130	0	0	-10.11	4.6516	-11.117	4.434	2	2419	1
149	32.283	50	0	0	9.5121	6.0093	11.202	4.3767	2	3709	1
150	69.246	90	0	0	4.0406	10.663	5.3901	10.511	2	2361	1
151	127.27	130	0	0	-6.751	8.873	-8.0203	9.1927	2	2355	1
152	105.57	90	0	0	-2.9596	10.625	-3.709	11.171	2	2279	1
153	68.16	50	0	0	4.234	10.564	8.7486	7.6447	2	2439	1
154	44.358	50	0	0	8.0622	7.8836	11.107	4.9213	2	2359	1
155	131.82	130	0	0	-7.6696	8.5731	-9.3065	7.186	2	2359	1
156	94.334	90	0	0	-0.8446	11.144	-0.27896	12.231	2	3031	1
157	107.38	90	0	0	-3.3427	10.679	-3.6375	11.457	2	2444	1
158	109.3	130	0	0	-3.7451	10.695	-2.8515	11.314	2	2500	1
159	53.786	50	0	0	6.7995	9.2855	9.8681	6.5553	2	3244	1
160	85.093	50	0	0	0.945	11.008	2.3888	11.486	2	2494	1
161	108.74	90	0	0	-3.5789	10.549	-3.304	10.282	2	2446	1
162	143.95	130	0	0	-9.1227	6.6396	-10.521	5.4947	2	2299	1
217	122.32	130	0	0	-5.9377	9.3842	-6.8531	9.9667	3	3067	1
218	54.006	50	0	0	6.5423	9.0067	8.963	7.444	3	2633	1
219	116.73	90	0	0	-5.1487	10.224	-4.3997	10.798	3	2557	1
220	82.787	50	0	0	1.4109	11.148	2.365	11.572	3	2381	1
221	103.16	130	0	0	-2.561	10.954	-2.9229	11.658	3	2271	1
222	89.114	90	0	0	0.1729	11.183	-0.2075	11.658	3	2399	1
223	125.14	90	0	0	-6.5111	9.2494	-5.281	10.884	3	2877	1
224	135.76	130	0	0	-8.0559	7.8462	-9.0445	7.9887	3	2681	1
225	67.581	50	0	0	4.2611	10.328	7.248	9.078	3	2555	1
226	93.241	90	0	0	-0.6343	11.202	-0.15986	12.059	3	2583	1
227	136.76	130	0	0	-8.3274	7.8312	-9.3542	6.3833	3	2589	1
228	86.17	50	0	0	0.7428	11.095	2.8652	11.572	3	2745	1
229	114.81	130	0	0	-4.6568	10.072	-4.8761	10.54	3	4143	1
230	104.47	90	0	0	-2.7733	10.744	-2.1845	11.945	3	2461	1
231	62	50	0	0	5.2282	9.833	9.749	6.67	3	2435	1
232	94.15	50	0	0	-0.8013	11.044	2.5556	11.343	3	3207	1
233	142.73	130	0	0	-8.8683	6.7491	-10.069	4.434	3	2419	1
234	125.03	90	0	0	-6.4611	9.2163	-5.6383	10.397	3	2319	1
289	50.971	50	0	0	7.0834	8.7382	8.1769	8.7913	4	2994	1
290	136.45	130	0	0	-8.1681	7.7655	-10.926	5.3513	4	2215	1
291	86.065	90	0	0	0.7749	11.265	-0.30278	11.973	4	2445	1
292	124.65	130	0	0	-6.4377	9.3138	-8.6872	7.5013	4	2079	1
293	68.975	50	0	0	3.9961	10.397	4.4849	10.511	4	2279	1
294	105.97	90	0	0	-3.1102	10.871	-3.7566	11.371	4	2293	1
295	107.89	90	0	0	-3.5078	10.866	-5.6622	10.626	4	2159	1
296	72.982	50	0	0	3.2971	10.772	2.4365	11.056	4	2179	1
297	102.87	130	0	0	-2.5148	11.007	-2.3036	11.83	4	2159	1
298	100.44	90	0	0	-2.0432	11.085	-2.3274	11.171	4	2239	1
299	123.18	130	0	0	-6.0957	9.3209	-8.4252	8.562	4	2199	1
300	80.593	50	0	0	1.8414	11.114	2.4365	10.97	4	2179	1
301	85.157	50	0	0	0.9582	11.309	2.4841	11.4	4	2481	1
302	88.548	90	0	0	0.2829	11.161	-0.30278	11.515	4	2140	1
303	113.13	130	0	0	-4.376	10.245	-4.1854	11.429	4	2297	1
304	82.238	90	0	0	1.4959	10.974	0.19743	11.744	4	2299	1
305	79.388	50	0	0	2.0898	11.154	4.4373	9.25	4	2255	1
306	112.67	130	0	0	-4.3065	10.312	-3.7566	10.769	4	2279	1
