trial	targetangle_deg	arcangle_deg	homex_cm	homey_cm	handx_cm	handy_cm	tapx_cm	tapy_cm	block	time_ms	selected
46	123.06	130	0	0	-6.6764	10.256	-8.1632	8.582	1	12926	1
47	93.618	90	0	0	-0.7642	12.086	-1.6129	11.707	1	7097	1
48	75.268	50	0	0	3.0806	11.716	3.3178	9.5567	1	4896	1
49	52.9	90	0	0	7.2699	9.6124	4.2944	10.13	1	7455	1
50	51.313	50	0	0	7.6364	9.5361	6.7478	9.184	1	6304	1
51	108.52	130	0	0	-3.8184	11.4	-4.8523	11.305	1	9798	1
52	61.087	50	0	0	5.9078	10.696	4.342	10.216	1	9359	1
53	118.2	130	0	0	-5.7474	10.719	-5.9004	10.617	1	5503	1
54	94.918	90	0	0	-1.0305	11.976	-2.6847	11.477	1	6084	1
55	67.3	90	0	0	4.8776	11.66	4.3897	11.105	1	3967	1
56	123.36	130	0	0	-6.8844	10.459	-9.2827	6.4033	1	6201	1
57	57.322	50	0	0	6.5257	10.174	5.2948	9.872	1	3091	1
58	56.517	50	0	0	6.6436	10.044	4.2944	10.933	1	3809	1
59	76.896	90	0	0	2.7603	11.858	3.0796	10.732	1	5699	1
60	116.1	130	0	0	-5.38	10.983	-6.8769	9.528	1	3210	1
61	100.39	90	0	0	-2.1856	11.916	-3.566	10.99	1	2954	1
62	55.888	50	0	0	6.8848	10.164	5.9856	9.9867	1	3588	1
63	115.1	130	0	0	-5.2476	11.202	-6.0194	10.617	1	3209	1
118	98.772	90	0	0	-1.853	12.009	-3.8042	11.449	2	6106	1
119	113.87	130	0	0	-4.9499	11.184	-6.1147	11.162	2	3224	1
120	70.949	50	0	0	3.9573	11.46	3.818	9.8147	2	3446	1
121	112.33	130	0	0	-4.6499	11.318	-6.8293	10.245	2	3199	1
122	73.497	50	0	0	3.5162	11.868	2.6747	11.076	2	3458	1
123	71.225	90	0	0	3.9804	11.709	1.9839	11.879	2	4247	1
124	104.54	90	0	0	-3.0339	11.694	-4.4235	10.474	2	3112	1
125	69.165	50	0	0	4.3178	11.346	4.1991	11.162	2	3169	1
126	96.159	130	0	0	-1.3045	12.088	-3.9233	11.592	2	2589	1
127	107.72	90	0	0	-3.7855	11.848	-3.4469	11.076	2	3344	1
128	75.971	50	0	0	2.9523	11.816	5.8665	9.528	2	3209	1
129	104.94	130	0	0	-3.1252	11.711	-5.9718	10.216	2	3349	1
130	73.278	50	0	0	3.5634	11.861	4.2467	10.302	2	3001	1
131	81.301	90	0	0	1.8592	12.151	2.8414	11.793	2	4370	1
132	127.58	130	0	0	-7.4565	9.6903	-6.6388	10.703	2	4684	1
133	94.187	90	0	0	-0.8807	12.029	-0.56479	12.051	2	2789	1
134	110.73	130	0	0	-4.3325	11.446	-5.0667	11.936	2	2698	1
135	72.721	50	0	0	3.653	11.743	3.4845	10.961	2	2897	1
190	120.94	130	0	0	-6.2746	10.468	-7.2342	10.675	3	3769	1
191	74.587	50	0	0	3.268	11.854	4.7708	10.875	3	2449	1
192	114.01	90	0	0	-4.9968	11.22	-3.8995	10.818	3	2449	1
193	112.62	130	0	0	-4.6511	11.161	-4.3044	10.761	3	2369	1
194	93.533	90	0	0	-0.7615	12.332	1.579	10.732	3	2827	1
195	72.011	50	0	0	3.8068	11.724	3.8656	10.646	3	2825	1
196	85.188	50	0	0	1.0226	12.148	3.3178	10.503	3	2639	1
197	112.28	130	0	0	-4.5857	11.195	-5.6145	11.162	3	2509	1
198	112.22	90	0	0	-4.5453	11.128	-3.3993	11.363	3	2230	1
199	106.75	90	0	0	-3.5679	11.858	-1.6367	11.649	3	2229	1
200	107.07	130	0	0	-3.5416	11.531	-4.7332	11.477	3	2205	1
201	77	50	0	0	2.7278	11.815	4.3897	9.786	3	2439	1
202	128.72	90	0	0	-7.8653	9.8117	-5.019	11.85	3	2069	1
203	115.53	130	0	0	-5.1914	10.872	-6.9008	11.162	3	2101	1
204	69.58	50	0	0	4.3062	11.567	6.1047	8.0373	3	2316	1
205	90.352	50	0	0	-0.0756	12.292	3.556	11.133	3	2416	1
206	126.45	90	0	0	-7.3809	9.9929	-1.7796	12.051	3	2440	1
207	114.26	130	0	0	-5.051	11.209	-6.1624	10.99	3	2362	1
262	118.26	130	0	0	-5.7217	10.644	-5.8051	11.506	4	3804	1
263	58.184	50	0	0	6.3583	10.248	4.8422	10.56	4	2774	1
264	107.17	90	0	0	-3.5477	11.483	-2.3274	12.452	4	2510	1
265	81.522	90	0	0	1.7946	12.039	2.4603	12.337	4	2389	1
266	133.36	130	0	0	-8.3764	8.871	-9.1874	8.4387	4	2369	1
267	83.063	50	0	0	1.491	12.255	5.1995	10.331	4	2369	1
268	60.629	50	0	0	5.9694	10.607	6.8192	9.184	4	2709	1
269	121.11	130	0	0	-6.2199	10.307	-6.4244	10.331	4	2634	1
270	82.249	90	0	0	1.6771	12.321	1.174	12.022	4	2686	1
271	130.67	130	0	0	-8.0107	9.3223	-6.996	9.7573	4	2369	1
272	73.312	90	0	0	3.606	12.028	2.7223	11.133	4	2469	1
273	79.397	50	0	0	2.2376	11.954	3.6274	11.678	4	2556	1
274	78.101	50	0	0	2.5363	12.036	4.4849	11.277	4	3129	1
275	99.584	90	0	0	-2.0094	11.9	-2.0178	12.051	4	2409	1
276	123.65	130	0	0	-6.8367	10.27	-8.4729	10.589	4	2409	1
277	76.011	50	0	0	2.9338	11.776	4.5087	10.044	4	2489	1
278	119.14	130	0	0	-5.8844	10.554	-6.6149	9.9293	4	2629	1
279	92.717	90	0	0	-0.5697	12.006	0.88819	12.452	4	2501	1
