Trial#	TargetAngle	ArcAngle	XHomePosition(m)	YHomePosition(m)	XTarget(m)	YTarget(m)	XTouch	YTouch	Block#	Time(ms)
139	62.9626692985	50	0.0	-0.085	0.050929	0.014793	544	607	1	2142
140	106.825884034	90	0.0	-0.085	-0.032677	0.023055	838	680	1	2205
141	142.769820118	130	0.0	-0.085	-0.089902	-0.016686	1141	504	1	2223
142	141.078420243	130	0.0	-0.085	-0.091246	-0.011317	1125	553	1	2149
143	79.3543075199	50	0.0	-0.085	0.021476	0.029252	514	590	1	2633
144	133.189671807	90	0.0	-0.085	-0.076015	-0.004023	1128	534	1	2725
145	77.1229842932	90	0.0	-0.085	0.025074	0.024681	520	569	1	2855
146	67.027559091	50	0.0	-0.085	0.044690	0.020424	486	579	1	2791
147	129.716335052	130	0.0	-0.085	-0.071126	0.000622	1111	562	1	1923
148	59.9797391691	50	0.0	-0.085	0.058553	0.016334	493	582	1	1925
149	138.910158687	130	0.0	-0.085	-0.084388	-0.011410	1179	505	1	2095
150	124.331968851	90	0.0	-0.085	-0.063166	0.007487	845	689	1	2119
151	105.906438812	130	0.0	-0.085	-0.030729	0.022829	790	659	1	2097
152	71.2108485805	90	0.0	-0.085	0.036741	0.022993	519	624	1	2017
153	67.8693575465	50	0.0	-0.085	0.045142	0.026001	471	536	1	1929
154	143.269775379	130	0.0	-0.085	-0.093305	-0.015376	1158	496	1	2057
155	68.640263937	50	0.0	-0.085	0.043387	0.025940	416	536	1	2297
156	127.1670001	90	0.0	-0.085	-0.069066	0.006100	1148	466	1	2109
283	131.479582579	130	0.0	-0.085	-0.074779	-0.000417	1111	569	2	2643
284	63.4716305621	50	0.0	-0.085	0.051791	0.018748	486	554	2	2325
285	103.003156036	90	0.0	-0.085	-0.025800	0.026724	815	687	2	2031
286	94.0595165939	90	0.0	-0.085	-0.008127	0.029512	822	725	2	2267
287	151.85434475	130	0.0	-0.085	-0.100687	-0.031135	1172	523	2	1969
288	80.7359103371	50	0.0	-0.085	0.018879	0.030742	560	603	2	2145
289	117.004164989	130	0.0	-0.085	-0.051004	0.015083	843	702	2	2007
290	80.1610122928	90	0.0	-0.085	0.020063	0.030683	545	664	2	2265
291	60.1713236195	50	0.0	-0.085	0.057161	0.014693	500	585	2	2159
292	102.209827799	90	0.0	-0.085	-0.024455	0.028015	844	716	2	2265
293	150.049568074	130	0.0	-0.085	-0.098468	-0.028263	1215	493	2	2927
294	67.9451826239	50	0.0	-0.085	0.044033	0.023686	505	566	2	2049
295	49.7778030775	50	0.0	-0.085	0.074716	0.003345	464	544	2	2465
296	137.03458019	130	0.0	-0.085	-0.082769	-0.007910	1153	495	2	2039
297	96.8985323168	90	0.0	-0.085	-0.013715	0.028359	782	694	2	2073
298	66.1733207405	50	0.0	-0.085	0.047068	0.021583	454	560	2	2101
299	153.493814482	130	0.0	-0.085	-0.102447	-0.033908	1201	443	2	2714
300	134.708383977	90	0.0	-0.085	-0.080438	-0.003739	1140	479	2	2183
427	61.4832605555	50	0.0	-0.085	0.053319	0.013133	457	525	3	2161
428	142.602438195	130	0.0	-0.085	-0.091682	-0.014910	1156	516	3	2491
429	92.2598395382	90	0.0	-0.085	-0.004619	0.032049	637	619	3	1969
430	155.425461744	130	0.0	-0.085	-0.105312	-0.036841	1142	483	3	2049
431	75.9826600262	50	0.0	-0.085	0.028311	0.028403	503	578	3	1931
432	133.616688929	90	0.0	-0.085	-0.076842	-0.004355	1133	525	3	2715
433	107.214506508	130	0.0	-0.085	-0.033482	0.023066	806	672	3	1869
434	53.1237448472	90	0.0	-0.085	0.071388	0.010162	457	528	3	2611
435	65.7378758406	50	0.0	-0.085	0.047525	0.020442	464	555	3	1995
436	66.3214778242	50	0.0	-0.085	0.047695	0.023763	471	572	3	2031
437	129.151014524	90	0.0	-0.085	-0.073897	0.005765	1080	619	3	1904
438	147.894247434	130	0.0	-0.085	-0.099283	-0.022706	1134	464	3	1972
439	71.1258588981	90	0.0	-0.085	0.037781	0.025512	484	549	3	2006
440	128.72636202	130	0.0	-0.085	-0.071579	0.004261	792	649	3	2696
441	62.6130081784	50	0.0	-0.085	0.052415	0.016175	486	536	3	2040
442	71.854042029	50	0.0	-0.085	0.034561	0.020453	451	553	3	2450
443	106.951941349	90	0.0	-0.085	-0.032655	0.022131	809	667	3	1869
444	154.539954745	130	0.0	-0.085	-0.105820	-0.034617	1186	437	3	2030
571	66.3975082128	90	0.0	-0.085	0.044509	0.016865	501	551	4	2407
572	60.4678495801	50	0.0	-0.085	0.055822	0.013536	480	538	4	1829
573	139.826390678	130	0.0	-0.085	-0.086692	-0.011808	1173	500	4	1989
574	64.8834466403	50	0.0	-0.085	0.049254	0.020067	500	532	4	1929
575	135.379685747	90	0.0	-0.085	-0.079748	-0.006302	1153	496	4	1949
576	139.318595492	130	0.0	-0.085	-0.085538	-0.011474	1143	476	4	2013
577	104.410156278	130	0.0	-0.085	-0.028690	0.026658	821	654	4	2076
578	80.1140946241	90	0.0	-0.085	0.020483	0.032533	786	650	4	2160
579	57.3425620921	50	0.0	-0.085	0.062807	0.012992	492	524	4	2114
580	113.984359944	90	0.0	-0.085	-0.046817	0.020230	1122	497	4	2054
581	68.1875373765	50	0.0	-0.085	0.042920	0.022240	535	539	4	2071
582	144.3354955	130	0.0	-0.085	-0.090411	-0.020118	1215	427	4	1949
583	107.70255238	130	0.0	-0.085	-0.034905	0.024355	877	660	4	2590
584	74.7543239896	90	0.0	-0.085	0.030367	0.026418	464	555	4	2090
585	67.7558761599	50	0.0	-0.085	0.043205	0.020638	451	525	4	3010
586	138.184184053	130	0.0	-0.085	-0.083093	-0.010665	1172	487	4	2403
587	62.0400785303	50	0.0	-0.085	0.054257	0.017215	463	499	4	1973
588	121.416050699	90	0.0	-0.085	-0.058977	0.011559	1158	502	4	1901
