Trial#	TargetAngle	ArcAngle	XHomePosition(m)	YHomePosition(m)	XTarget(m)	YTarget(m)	XTouch	YTouch	Block#	Time(ms)
73	90.9961528812	90	0.0	-0.085	-0.001954	0.027377	886	810	1	4379
74	145.435691846	130	0.0	-0.085	-0.093437	-0.020628	1122	619	1	3039
75	44.3315272518	50	0.0	-0.085	0.081245	-0.005629	346	647	1	2824
76	45.5098960357	50	0.0	-0.085	0.078345	-0.005248	318	605	1	3102
77	89.1986595772	90	0.0	-0.085	0.001583	0.028177	862	772	1	2836
78	137.202337787	130	0.0	-0.085	-0.083372	-0.007803	1151	612	1	2480
79	82.2571819964	90	0.0	-0.085	0.015261	0.027241	643	773	1	2627
80	124.83934473	130	0.0	-0.085	-0.064721	0.007985	1160	618	1	2559
81	46.7052397936	50	0.0	-0.085	0.077564	-0.002676	386	632	1	2403
82	41.5587407113	50	0.0	-0.085	0.084252	-0.010306	312	605	1	2540
83	127.55479897	130	0.0	-0.085	-0.068542	0.004149	1099	694	1	2600
84	81.3605875453	90	0.0	-0.085	0.017188	0.028124	715	810	1	2579
85	46.4138462398	50	0.0	-0.085	0.077077	-0.004022	421	733	1	2759
86	81.4469495544	90	0.0	-0.085	0.016979	0.027894	770	814	1	2839
87	132.364170265	130	0.0	-0.085	-0.075345	-0.002383	1161	628	1	2659
88	86.2775969373	90	0.0	-0.085	0.007366	0.028219	692	794	1	2899
89	128.238431537	130	0.0	-0.085	-0.069634	0.003367	1127	648	1	2679
90	46.2090522159	50	0.0	-0.085	0.078200	-0.003428	298	617	1	3139
145	48.556396962	50	0.0	-0.085	0.074250	-0.000909	374	703	2	2640
146	93.2891853476	90	0.0	-0.085	-0.006580	0.029494	795	774	2	2479
147	132.181983442	130	0.0	-0.085	-0.076055	-0.001070	1098	652	2	2719
148	49.1612951412	50	0.0	-0.085	0.074702	0.001425	357	647	2	2459
149	82.6753082034	90	0.0	-0.085	0.014425	0.027221	767	811	2	2419
150	126.620823952	130	0.0	-0.085	-0.066991	0.005135	1115	694	2	2559
151	45.3200768323	50	0.0	-0.085	0.079657	-0.004448	398	632	2	2680
152	117.240671226	130	0.0	-0.085	-0.051768	0.015554	1079	709	2	2800
153	83.4494004828	90	0.0	-0.085	0.012971	0.027958	840	785	2	2640
154	116.783483131	130	0.0	-0.085	-0.050482	0.015009	1038	703	2	2800
155	45.0064652518	50	0.0	-0.085	0.079750	-0.005232	394	643	2	2619
156	84.0882134842	90	0.0	-0.085	0.011581	0.026842	694	773	2	2639
157	85.9656111126	90	0.0	-0.085	0.007961	0.027874	774	783	2	2659
158	49.1884053738	50	0.0	-0.085	0.073470	0.000081	393	675	2	2719
159	117.112223221	130	0.0	-0.085	-0.050815	0.014249	1080	640	2	2579
160	86.7770296676	90	0.0	-0.085	0.006420	0.029010	811	816	2	2459
161	49.380541556	50	0.0	-0.085	0.073506	0.000702	414	672	2	2479
162	133.110485008	130	0.0	-0.085	-0.077457	-0.002258	1132	641	2	2459
217	89.5233888066	90	0.0	-0.085	0.000938	0.027759	801	805	3	2279
218	49.1207684081	50	0.0	-0.085	0.073842	0.000308	375	708	3	2139
219	125.536922661	130	0.0	-0.085	-0.066646	0.008307	1081	675	3	2199
220	131.010578064	130	0.0	-0.085	-0.072796	-0.001289	1144	647	3	2204
221	53.3875769483	50	0.0	-0.085	0.066969	0.005133	399	671	3	2279
222	82.6979820608	90	0.0	-0.085	0.014355	0.027027	730	807	3	2219
223	55.2597134691	50	0.0	-0.085	0.064604	0.008160	480	754	3	2339
224	81.8189782068	90	0.0	-0.085	0.015987	0.026203	785	775	3	2379
225	127.081160558	130	0.0	-0.085	-0.067862	0.004791	1102	653	3	2299
226	83.6678738695	90	0.0	-0.085	0.012459	0.027275	799	775	3	2319
227	120.794391619	130	0.0	-0.085	-0.058039	0.012383	1033	726	3	2379
228	51.4539702212	50	0.0	-0.085	0.069345	0.002035	390	629	3	2279
229	53.8082598758	50	0.0	-0.085	0.065815	0.004952	420	665	3	2219
230	123.469599543	130	0.0	-0.085	-0.061932	0.008677	1098	652	3	2359
231	87.9642323037	90	0.0	-0.085	0.003971	0.026715	780	824	3	2319
232	53.1962893652	50	0.0	-0.085	0.067729	0.005523	432	715	3	2020
233	89.0941291536	90	0.0	-0.085	0.001786	0.027954	766	793	3	2000
234	123.577848428	130	0.0	-0.085	-0.063203	0.010208	1003	749	3	2160
289	135.694259944	130	0.0	-0.085	-0.080684	-0.006248	1133	672	4	2120
290	47.3140977032	50	0.0	-0.085	0.076842	-0.001686	364	667	4	2119
291	88.0723428045	90	0.0	-0.085	0.003789	0.027578	798	825	4	2199
292	132.973350456	130	0.0	-0.085	-0.076558	-0.002825	1130	620	4	2159
293	88.0363395873	90	0.0	-0.085	0.003895	0.028604	743	765	4	2219
294	50.5987114314	50	0.0	-0.085	0.071930	0.002565	1018	411	4	2179
295	133.723800242	130	0.0	-0.085	-0.077331	-0.004145	1113	654	4	2179
296	89.1838629189	90	0.0	-0.085	0.001599	0.027248	793	808	4	2139
297	50.5571918629	50	0.0	-0.085	0.072075	0.002612	434	700	4	2218
298	88.1796592818	90	0.0	-0.085	0.003585	0.027801	749	792	4	2160
299	51.9132534755	50	0.0	-0.085	0.068638	0.002579	399	692	4	2240
300	130.992353173	130	0.0	-0.085	-0.072804	-0.001226	1127	652	4	2159
301	128.138836031	130	0.0	-0.085	-0.068513	0.002256	1112	684	4	2140
302	54.0132189533	50	0.0	-0.085	0.066649	0.006779	1378	12	4	2199
303	85.1015525347	90	0.0	-0.085	0.009717	0.028380	744	791	4	2219
304	89.8054673404	90	0.0	-0.085	0.000376	0.025743	743	837	4	2159
305	51.7757722346	50	0.0	-0.085	0.070075	0.003972	397	676	4	2199
306	121.113556549	130	0.0	-0.085	-0.058639	0.012155	1096	636	4	2199
