-0.076243
0.008657
0.071272
0.011904
-0.018919
0.035551
0.016210
0.035668
-0.050264
0.025689
-0.041037
0.027766
-0.046064
0.027861
-0.083839
0.002388
0.071370
0.013045
-0.082016
0.002804
0.079252
0.005158
-0.043398
0.027958
-0.045101
0.026478
-0.067385
0.014467
0.068418
0.013853
0.022812
0.033292
-0.043834
0.027027
-0.074562
0.009053
-0.011714
0.034628
-0.083259
0.002406
0.085470
-0.000302
-0.080185
0.005336
-0.006751
0.035168
0.034273
0.030309
0.051536
0.024163
-0.072894
0.011303
-0.009337
0.035299
0.029037
0.032456
-0.038499
0.029786
-0.080672
0.005055
0.025305
0.033776
-0.053958
0.022519
0.091561
-0.006439
-0.055161
0.022623
0.026889
0.032520
-0.096786
-0.012345
-0.019573
0.033471
-0.083551
0.001980
0.029745
0.032393
0.029736
0.031909
-0.052211
0.023135
-0.102482
-0.021750
0.089062
-0.003326
-0.101435
-0.020599
-0.046784
0.025738
-0.055633
0.023206
0.003904
0.035564
-0.053095
0.023688
-0.064347
0.017370
0.069570
0.013286
-0.010807
0.034644
-0.015806
0.034267
0.023233
0.034244
-0.039409
0.029265
0.033130
0.030601
-0.072500
0.011791
0.054614
0.022416
0.043395
0.027766
-0.086616
-0.001351
-0.029953
0.032694
-0.078942
0.007299
-0.012934
0.035105
0.034816
0.030919
-0.072110
0.013789
0.053561
0.023727
-0.036061
0.029479
0.020461
0.034242
-0.070807
0.013957
0.067318
0.016068
0.049768
0.026097
-0.086763
-0.001424
-0.033562
0.030785
