trial	targetangle_deg	arcangle_deg	homex_cm	homey_cm	handx_cm	handy_cm	tapx_cm	tapy_cm	block	time_ms	selected
46	129.15	130	0	0	-7.6243	9.3657	-9.5467	6.9033	1	7615	1
47	53.666	50	0	0	7.1272	9.6904	9.5803	6.0147	1	4591	1
48	98.919	90	0	0	-1.8919	12.055	-1.2813	10.974	1	3939	1
49	82.349	50	0	0	1.621	12.067	3.6731	10.773	1	7273	1
50	114.42	90	0	0	-5.0264	11.069	-5.1877	10.859	1	5429	1
51	110	130	0	0	-4.1037	11.277	-5.0924	10.515	1	4857	1
52	112.2	90	0	0	-4.6064	11.286	-5.5688	10.143	1	6023	1
53	133.81	130	0	0	-8.3839	8.7388	-10.881	4.352	1	5483	1
54	53.948	50	0	0	7.137	9.8045	7.9844	7.62	1	5120	1
55	133.05	130	0	0	-8.2016	8.7804	-9.8801	5.986	1	5322	1
56	48.683	50	0	0	7.9252	9.0158	8.9849	5.814	1	4924	1
57	111.02	90	0	0	-4.3398	11.296	-5.2592	10.659	1	4358	1
58	112.03	90	0	0	-4.5101	11.148	-5.1877	10.515	1	4920	1
59	124.12	130	0	0	-6.7385	9.9467	-7.8079	8.824	1	5178	1
60	55.312	50	0	0	6.8418	9.8853	7.8415	7.7633	1	4544	1
61	79.085	50	0	0	2.2812	11.829	2.6251	10.458	1	5030	1
62	111.37	90	0	0	-4.3834	11.203	-7.0694	11.49	1	3706	1
63	128.41	130	0	0	-7.4562	9.4053	-10.047	7.19	1	6968	1
118	95.593	90	0	0	-1.1714	11.963	-3.6633	11.031	2	4676	1
119	133.61	130	0	0	-8.3259	8.7406	-10.404	4.5813	2	3999	1
120	44.74	50	0	0	8.547	8.4698	8.5085	5.3553	2	3679	1
121	131.59	130	0	0	-8.0185	9.0336	-11.166	4.5813	2	3959	1
122	93.215	90	0	0	-0.6751	12.017	-2.115	10.888	2	3899	1
123	73.447	50	0	0	3.4273	11.531	3.5778	10.544	2	3679	1
124	64.728	50	0	0	5.1536	10.916	7.4128	8.1647	2	4766	1
125	127.12	130	0	0	-7.2894	9.6303	-9.3561	6.8747	2	4059	1
126	94.438	90	0	0	-0.9337	12.03	-1.591	11.232	2	3480	1
127	76.114	50	0	0	2.9037	11.746	3.7684	10.057	2	3368	1
128	108.54	90	0	0	-3.8499	11.479	-5.1639	11.117	2	3969	1
129	131.85	130	0	0	-8.0672	9.0055	-10.738	4.696	2	3359	1
130	77.973	90	0	0	2.5305	11.878	2.8156	10.659	2	3699	1
131	116.65	130	0	0	-5.3958	10.752	-5.0924	9.77	2	4899	1
132	40.63	50	0	0	9.1561	7.8561	7.9844	6.33	2	3319	1
133	117.14	90	0	0	-5.5161	10.762	-7.0933	10.057	2	3969	1
134	77.112	50	0	0	2.6889	11.752	4.1019	10.057	2	3219	1
135	143.11	130	0	0	-9.6786	7.2655	-11.143	4.4667	2	3119	1
190	99.381	90	0	0	-1.9573	11.847	-5.0924	10.544	3	3780	1
191	133.85	130	0	0	-8.3551	8.698	-9.0703	7.19	3	4635	1
192	75.782	50	0	0	2.9745	11.739	3.554	10.143	3	3831	1
193	75.729	50	0	0	2.9736	11.691	4.9594	9.254	3	4439	1
194	115.77	90	0	0	-5.2211	10.813	-7.9269	10.229	3	3340	1
195	148.32	130	0	0	-10.248	6.325	-12.072	3.2627	3	3199	1
196	42.522	50	0	0	8.9062	8.1674	8.6514	5.642	3	4190	1
197	147.59	130	0	0	-10.143	6.4401	-11.452	2.0587	3	3360	1
198	112.9	90	0	0	-4.6784	11.074	-6.1881	9.6267	3	3124	1
199	117.21	90	0	0	-5.5633	10.821	-6.6883	9.9707	3	3174	1
200	88.145	50	0	0	0.3904	12.056	1.7914	10.917	3	3839	1
201	116.04	130	0	0	-5.3095	10.869	-5.8785	9.3113	3	4464	1
202	122.15	130	0	0	-6.4347	10.237	-8.8797	7.8493	3	3942	1
203	54.708	50	0	0	6.957	9.8286	6.6506	7.792	3	5180	1
204	95.161	90	0	0	-1.0807	11.964	-1.1146	10.802	3	3018	1
205	97.549	130	0	0	-1.5806	11.927	-3.6394	10.802	3	3219	1
206	78.975	50	0	0	2.3233	11.924	0.48132	11.146	3	3439	1
207	109.03	90	0	0	-3.9409	11.427	-6.9504	9.6553	3	3040	1
262	74.008	90	0	0	3.313	11.56	2.4107	10.831	4	3980	1
263	126.83	130	0	0	-7.25	9.6791	-9.3323	6.76	4	3459	1
264	63.05	50	0	0	5.4614	10.742	3.3873	10.429	4	3827	1
265	68.952	50	0	0	4.3395	11.277	5.8407	8.7953	4	3017	1
266	136	130	0	0	-8.6616	8.3649	-10.38	6.4447	4	3199	1
267	104.28	90	0	0	-2.9953	11.769	-4.9257	10.888	4	3039	1
268	130.54	130	0	0	-7.8942	9.2299	-10.69	6.0433	4	2799	1
269	96.146	90	0	0	-1.2934	12.011	-3.1869	11.117	4	2679	1
270	73.282	50	0	0	3.4816	11.592	3.0062	10.057	4	3129	1
271	126.13	130	0	0	-7.211	9.8789	-9.4514	6.3873	4	4359	1
272	63.774	50	0	0	5.3561	10.873	5.1737	9.1393	4	3059	1
273	107.48	90	0	0	-3.6061	11.448	-5.4021	10.831	4	2689	1
274	80.263	90	0	0	2.0461	11.924	1.7437	10.659	4	3099	1
275	125.58	130	0	0	-7.0807	9.8957	-8.9035	7.5627	4	3019	1
276	56.334	50	0	0	6.7318	10.107	6.7458	7.9353	4	3080	1
277	65.869	50	0	0	4.9768	11.11	7.6272	6.7027	4	2880	0
278	136.07	130	0	0	-8.6763	8.3576	-10.952	5.1547	4	3579	1
279	106.17	90	0	0	-3.3562	11.579	-6.331	10.429	4	3299	1
