-0.114665
-0.045709
0.022418
0.033955
-0.055345
0.022862
-0.107178
-0.030993
-0.088741
-0.002295
0.026520
0.034441
-0.034274
0.030985
0.003710
0.035271
-0.077535
0.007751
0.015205
0.036549
-0.047706
0.025776
0.035046
0.031962
-0.012415
0.036357
0.052857
0.024178
-0.060093
0.019040
-0.049221
0.025254
0.035705
0.030873
0.001683
0.035845
0.055142
0.021762
-0.085780
-0.000200
-0.000856
0.035131
-0.087437
-0.002686
0.030753
0.031412
-0.007237
0.035497
-0.059622
0.019725
0.020671
0.035317
0.009061
0.034680
0.005242
0.035282
-0.077055
0.007537
0.043651
0.027143
-0.069096
0.013266
0.033094
0.030824
-0.009098
0.036590
0.034241
0.030822
-0.070214
0.013294
0.017802
0.036911
-0.085380
-0.000499
-0.076974
0.009745
0.032465
0.033660
0.039645
0.028670
0.001801
0.035845
-0.081181
0.003846
-0.046949
0.025846
-0.062650
0.018972
0.027778
0.033495
0.040648
0.030727
0.009719
0.034884
-0.068197
0.014239
0.021249
0.034948
-0.087125
-0.000883
-0.009511
0.036078
0.043114
0.027201
-0.075522
0.008978
-0.025677
0.033178
0.043616
0.029000
-0.005262
0.035089
-0.074827
0.008990
0.032652
0.032927
-0.084651
0.001659
-0.005197
0.035444
-0.035406
0.029762
0.067350
0.016513
-0.066262
0.015767
-0.020151
0.034426
0.019506
0.033921
-0.072477
0.011098
0.032575
0.030539
-0.064158
0.016624
-0.012497
0.035387
-0.084818
0.000599
-0.005719
0.035028
0.025593
0.033498
