trial	targetangle_deg	arcangle_deg	homex_cm	homey_cm	handx_cm	handy_cm	tapx_cm	tapy_cm	block	time_ms	selected
73	50.336	50	0	0	7.0869	8.547	9.89	6.846	1	3269	1
74	93.416	90	0	0	-0.6819	11.424	2.1963	12.407	1	3089	1
75	136.9	130	0	0	-8.622	8.068	-10.976	6.2153	1	2841	1
76	134.4	130	0	0	-7.9992	8.1697	-10.785	6.7313	1	2675	1
77	54.625	50	0	0	6.6266	9.333	9.9615	6.6453	1	4047	1
78	85.713	90	0	0	0.8443	11.262	3.4826	9.856	1	3001	1
79	133.74	130	0	0	-7.8099	8.1621	-10.761	6.1867	1	3843	1
80	57.728	50	0	0	6.0576	9.5925	9.89	7.9067	1	4053	1
81	89.761	90	0	0	0.0472	11.321	3.4587	11.777	1	3709	1
82	57.132	50	0	0	6.1621	9.5367	8.6276	9.082	1	3577	1
83	129.06	130	0	0	-7.0631	8.7051	-10.261	6.1293	1	2993	1
84	93.107	90	0	0	-0.6082	11.205	0.36222	13.841	1	3549	0
85	94.089	90	0	0	-0.8076	11.297	-1.7101	12.866	1	2929	1
86	136.28	130	0	0	-8.1735	7.8149	-11.071	6.158	1	2858	1
87	58.044	50	0	0	5.8963	9.4522	9.1278	7.3907	1	3361	1
88	92.633	90	0	0	-0.5128	11.153	-0.68584	13.153	1	2955	1
89	126.21	130	0	0	-6.8352	9.3361	-9.2847	8.91	1	3136	1
90	60.692	50	0	0	5.4269	9.6674	9.4851	7.8207	1	4551	1
145	52.121	50	0	0	6.9738	8.965	6.6982	8.1933	2	2880	1
146	95.195	90	0	0	-1.0289	11.316	0.38604	11.805	2	2537	1
147	133.09	130	0	0	-7.8238	8.3634	-11.071	6.2153	2	2488	1
148	134.35	130	0	0	-7.8891	8.0705	-11	6.0147	2	2416	1
149	91.387	90	0	0	-0.2723	11.248	1.1959	10.974	2	2595	1
150	53.666	50	0	0	6.6534	9.0461	8.3179	7.362	2	2695	1
151	51.631	50	0	0	6.8786	8.6883	8.2465	6.7313	2	2539	1
152	132.43	130	0	0	-7.4608	8.1612	-11.095	4.9827	2	2439	1
153	93.363	90	0	0	-0.6582	11.203	-2.0197	12.063	2	2479	1
154	132.79	130	0	0	-7.6666	8.2833	-11.166	6.588	2	2633	1
155	94.453	90	0	0	-0.8691	11.16	-1.2099	11.949	2	2581	1
156	55.986	50	0	0	6.3491	9.408	8.699	6.846	2	2731	1
157	128.09	130	0	0	-6.9705	8.8932	-10.357	6.7027	2	2739	1
158	61.107	50	0	0	5.5475	10.052	8.6276	6.9893	2	2703	1
159	92.375	90	0	0	-0.4634	11.172	-0.25709	11.633	2	2519	1
160	112.18	130	0	0	-4.306	10.56	-3.83	10.831	2	2521	1
161	56.279	50	0	0	6.2121	9.3071	8.2941	7.7347	2	2915	1
162	96.602	90	0	0	-1.2677	10.953	1.8628	11.347	2	2833	1
217	51.129	50	0	0	7.1382	8.8557	7.2222	7.9067	3	3626	1
218	128.26	130	0	0	-6.9112	8.7629	-11.166	5.986	3	2420	1
219	91.807	90	0	0	-0.3574	11.331	-1.329	11.461	3	2366	1
220	130.77	130	0	0	-7.3113	8.4794	-10.428	6.8173	3	2400	1
221	52.328	50	0	0	6.9487	8.9995	8.7467	5.728	3	2439	1
222	95.799	90	0	0	-1.1277	11.104	-0.73348	11.261	3	2548	1
223	124.72	130	0	0	-6.3775	9.2048	-9.5229	7.448	3	2672	1
224	54.173	50	0	0	6.7273	9.3185	8.4132	6.33	3	2921	1
225	95.053	90	0	0	-0.9898	11.194	-1.5195	10.372	3	3947	1
226	97.883	90	0	0	-1.5186	10.968	-3.8062	11.146	3	2673	1
227	55.154	50	0	0	6.5135	9.3557	8.8419	4.524	3	3013	1
228	128.92	130	0	0	-7.0293	8.7045	-11	5.8713	3	2973	1
229	76.284	90	0	0	2.6771	10.969	3.816	10.601	3	3389	1
230	59.415	50	0	0	5.804	9.82	7.3175	7.706	3	2617	1
231	121.65	130	0	0	-5.854	9.4984	-9.8563	7.964	3	2505	1
232	56.268	50	0	0	6.3241	9.4712	8.8419	5.126	3	2751	1
233	93.777	90	0	0	-0.7423	11.245	-3.1869	10.802	3	2587	1
234	128.4	130	0	0	-7.0355	8.8755	-10.142	6.9607	3	2497	1
289	134.03	130	0	0	-7.8376	8.1072	-10.571	6.33	4	2809	1
290	64.351	50	0	0	4.8712	10.145	7.4366	7.1327	4	2783	1
291	93.403	90	0	0	-0.6678	11.231	-1.5433	11.232	4	2710	1
292	131.88	130	0	0	-7.5433	8.4134	-10.261	7.362	4	2745	1
293	84.446	90	0	0	1.0986	11.298	-2.4008	11.289	4	2599	1
294	43.215	50	0	0	8.2426	7.7443	8.6037	6.072	4	2619	1
295	47.958	50	0	0	7.505	8.3229	8.3894	5.986	4	2672	1
296	95.424	90	0	0	-1.0797	11.372	-1.1384	11.261	4	2749	1
297	129.28	130	0	0	-7.2009	8.8038	-9.1894	6.4733	4	4800	1
298	88.296	90	0	0	0.3349	11.254	1.8867	11.003	4	2399	1
299	52.015	50	0	0	6.8471	8.7685	7.0793	7.1327	4	4193	1
300	122.12	130	0	0	-6.0603	9.6523	-5.7117	10.171	4	2485	1
301	52.592	50	0	0	6.9519	9.09	8.7705	6.158	4	2303	1
302	131.46	130	0	0	-7.5247	8.5161	-10.499	6.2727	4	2379	1
303	91.997	90	0	0	-0.3939	11.296	1.4579	10.945	4	2459	1
304	93.548	90	0	0	-0.6893	11.116	-1.4004	11.433	4	3169	1
305	52.33	50	0	0	7.0057	9.0741	6.2694	9.1107	4	2961	1
306	133.27	130	0	0	-7.6091	8.0832	-11.333	4.0367	4	3959	1
