-0.003854
-0.206866
0.030751
0.031315
-0.117416
-0.057110
0.078906
-0.178196
-0.034345
0.030732
0.083834
0.001769
-0.014574
-0.204243
0.091692
-0.002287
-0.085358
0.000485
0.093189
-0.005935
-0.084792
0.001244
0.010912
0.035195
-0.007672
0.037543
0.071543
0.013536
-0.083505
0.001541
-0.001630
0.037400
0.079863
0.007849
-0.077649
0.010891
0.009884
0.035048
-0.080033
0.004789
0.085486
-0.000084
-0.005711
0.034866
0.076340
0.008856
-0.084336
0.001277
0.083985
0.004546
-0.081945
0.003849
-0.001617
0.036104
0.082526
0.002560
-0.081795
0.003024
-0.013717
0.034928
0.080746
0.004101
-0.081890
0.003904
-0.005992
0.035322
0.077136
0.008264
0.000413
0.035002
-0.081133
0.004243
0.008790
0.035161
-0.071765
0.011206
0.092627
-0.005434
0.089004
-0.004284
-0.086425
-0.000207
-0.001494
0.035585
-0.002415
0.036495
-0.083776
0.004115
0.097161
-0.008226
0.095459
-0.010843
-0.007488
0.036860
-0.096594
-0.013098
0.095099
-0.011712
-0.087044
-0.001079
-0.006223
0.036457
-0.006553
0.035975
0.092957
-0.003826
-0.089661
-0.001401
0.080134
0.007727
-0.084545
0.000934
0.002824
0.038281
0.084826
0.001991
-0.091094
-0.005129
-0.008159
0.034764
0.091422
-0.006763
-0.001663
0.036298
-0.090590
-0.005535
0.092182
-0.003875
-0.092944
-0.004226
-0.006400
0.036718
0.000838
0.036783
-0.090619
-0.004277
0.092841
-0.005557
-0.091857
-0.005909
0.005591
0.035544
0.090067
-0.004047
