trial	targetangle_deg	arcangle_deg	homex_cm	homey_cm	handx_cm	handy_cm	tapx_cm	tapy_cm	block	time_ms	selected
46	268.19	90	0	0	-0.3854	-12.187	-0.44764	9.8273	1	18589	0
47	75.191	50	0	0	3.0751	11.632	1.6961	9.7413	1	8689	1
48	166.64	130	0	0	-11.742	2.789	-10.809	3.75	1	8769	1
49	-49.747	50	0	0	7.8906	-9.3196	2.2678	12.121	1	5929	0
50	106.53	130	0	0	-3.4345	11.573	-2.5914	12.092	1	4752	1
51	45.986	90	0	0	8.3834	8.6769	5.0785	9.9707	1	11102	1
52	263.03	90	0	0	-1.4574	-11.924	-1.4481	10.831	1	9444	0
53	42.053	50	0	0	9.1692	8.2713	7.4842	7.9927	1	4718	1
54	134.96	130	0	0	-8.5358	8.5485	-10.237	6.33	1	5472	1
55	40.313	50	0	0	9.3189	7.9065	8.8419	5.7567	1	3916	1
56	134.51	130	0	0	-8.4792	8.6244	-9.5705	8.7093	1	3709	1
57	84.813	90	0	0	1.0912	12.02	-0.61438	11.92	1	2309	1
58	93.582	90	0	0	-0.7672	12.254	-0.61438	11.289	1	2592	1
59	54.018	50	0	0	7.1543	9.8536	7.651	7.7347	1	2541	1
60	133.98	130	0	0	-8.3505	8.6541	-10.809	6.502	1	2449	1
61	90.763	90	0	0	-0.163	12.24	0.71951	11.748	1	2509	1
62	49.3	50	0	0	7.9863	9.2849	7.9368	7.62	1	2670	1
63	129	130	0	0	-7.7649	9.5891	-8.2366	8.05	1	3363	1
118	85.293	90	0	0	0.9884	12.005	0.71951	11.719	2	4052	1
119	131.71	130	0	0	-8.0033	8.9789	-7.7364	10.114	2	2750	1
120	44.808	50	0	0	8.5486	8.4916	8.1988	8.738	2	5170	1
121	92.728	90	0	0	-0.5711	11.987	0.55277	12.665	2	3269	1
122	50.876	50	0	0	7.634	9.3856	8.9372	9.2253	2	2829	1
123	134.35	130	0	0	-8.4336	8.6277	-8.1413	9.168	2	2829	1
124	46.835	50	0	0	8.3985	8.9546	9.9853	8.394	2	2588	1
125	132.69	130	0	0	-8.1945	8.8849	-7.4029	8.566	2	3352	1
126	90.765	90	0	0	-0.1617	12.11	0.64805	13.153	2	2529	1
127	46.695	50	0	0	8.2526	8.756	10.2	9.168	2	3636	1
128	132.9	130	0	0	-8.1795	8.8024	-7.7364	9.598	2	2509	1
129	96.525	90	0	0	-1.3717	11.993	1.7199	13.927	2	2789	1
130	47.816	50	0	0	8.0746	8.9101	8.9849	9.254	2	2569	1
131	132.65	130	0	0	-8.189	8.8904	-6.1405	10.143	2	3440	1
132	92.851	90	0	0	-0.5992	12.032	1.2912	13.669	2	2449	1
133	50.407	50	0	0	7.7136	9.3264	8.5323	10.171	2	2370	1
134	89.803	90	0	0	0.0413	12	0.48132	14.013	2	2590	1
135	132.27	130	0	0	-8.1133	8.9243	-6.1643	10.286	2	2430	1
190	85.816	90	0	0	0.879	12.016	1.3626	13.267	3	3410	1
191	126.72	130	0	0	-7.1765	9.6206	-6.3549	10.573	3	2769	1
192	40.662	50	0	0	9.2627	7.9566	9.8662	9.1393	3	2470	1
193	42.204	50	0	0	8.9004	8.0716	9.7471	8.5373	3	2432	1
194	135.55	130	0	0	-8.6425	8.4793	-6.331	10.085	3	2469	1
195	90.71	90	0	0	-0.1494	12.059	2.5298	12.694	3	2370	1
196	91.139	90	0	0	-0.2415	12.149	1.839	12.379	3	2809	1
197	133.23	130	0	0	-8.3776	8.9115	-5.3544	10.057	3	2509	1
198	38.315	50	0	0	9.7161	7.6774	8.7705	8.8527	3	3125	1
199	37.842	50	0	0	9.5459	7.4157	10.081	8.5947	3	2575	1
200	93.516	90	0	0	-0.7488	12.186	1.7914	12.522	3	2429	1
201	143.34	130	0	0	-9.6594	7.1902	-6.4978	10.601	3	2509	1
202	37.62	50	0	0	9.5099	7.3288	10.724	8.2793	3	2649	1
203	136.05	130	0	0	-8.7044	8.3921	-5.3783	10.945	3	3689	1
204	92.933	90	0	0	-0.6223	12.146	2.6965	13.181	3	2449	1
205	93.101	90	0	0	-0.6553	12.098	2.0534	13.64	3	2589	1
206	41.129	50	0	0	9.2957	8.1174	11.129	8.4227	3	2467	1
207	137	130	0	0	-8.9661	8.3599	-4.2588	9.512	3	2429	1
262	49.167	50	0	0	8.0134	9.2727	8.1512	9.7127	4	3334	1
263	134.53	130	0	0	-8.4545	8.5934	-5.5926	9.77	4	2609	1
264	88.688	90	0	0	0.2824	12.328	1.3388	13.239	4	2469	1
265	45.722	50	0	0	8.4826	8.6991	9.366	9.3113	4	2449	1
266	138.76	130	0	0	-9.1094	7.9871	-6.0929	9.9993	4	2530	1
267	93.897	90	0	0	-0.8159	11.976	2.4822	12.837	4	2410	1
268	40.556	50	0	0	9.1422	7.8237	11.438	9.34	4	2510	1
269	90.785	90	0	0	-0.1663	12.13	2.4822	12.465	4	2470	1
270	138.74	130	0	0	-9.059	7.9465	-4.2588	10.143	4	3490	1
271	41.349	50	0	0	9.2182	8.1125	10.914	6.588	4	2289	1
272	139.01	130	0	0	-9.2944	8.0774	-6.0214	8.652	4	2749	1
273	93.01	90	0	0	-0.64	12.172	0.62423	12.751	4	2550	1
274	89.606	90	0	0	0.0838	12.178	2.2916	12.207	4	2629	1
275	138.31	130	0	0	-9.0619	8.0723	-4.9257	8.48	4	2926	1
276	40.553	50	0	0	9.2841	7.9443	10.795	7.1327	4	2489	1
277	139.27	130	0	0	-9.1857	7.9091	-4.7113	8.8813	4	2509	1
278	87.344	90	0	0	0.5591	12.054	2.8633	11.834	4	2469	1
279	41.949	50	0	0	9.0067	8.0953	10.747	7.362	4	2449	1
