-0.103604
-0.024368
-0.019599
0.035443
0.087246
-0.001944
-0.100407
-0.019262
-0.031759
0.031527
0.084980
0.000127
-0.091177
-0.004261
0.088454
-0.002519
-0.018103
0.035430
-0.099795
-0.018277
0.087444
0.001380
-0.003177
0.037114
-0.001863
0.035651
0.085411
0.001140
-0.097930
-0.014681
0.087197
0.000575
-0.093527
-0.007656
-0.009690
0.035563
-0.117977
-0.053058
-0.009180
0.036041
0.086865
-0.000949
-0.118876
-0.053997
-0.012298
0.035415
0.090505
-0.003220
-0.024009
0.033789
-0.105383
-0.023677
0.092737
-0.008681
-0.103176
-0.022595
-0.022856
0.034036
0.089729
-0.003940
-0.004659
0.038065
-0.101711
-0.020706
0.091024
-0.004466
-0.019419
0.037122
0.090592
-0.001241
-0.100248
-0.018149
0.057233
0.021631
-0.023016
0.033073
-0.102666
-0.020680
0.084170
0.007214
-0.085020
0.001367
0.008715
0.036034
-0.015259
0.034867
-0.098379
-0.014946
0.085588
0.000762
-0.097286
-0.014505
-0.042021
0.029051
0.075516
0.010667
0.069074
0.017426
-0.097145
-0.010415
-0.026734
0.036198
-0.044556
0.029260
0.084690
0.003118
-0.092093
-0.008011
0.075959
0.010156
-0.109153
-0.032579
-0.002089
0.036980
0.097750
-0.013985
-0.091920
-0.005900
0.006451
0.036233
-0.083287
0.004114
-0.012647
0.036880
0.083112
0.006080
-0.015656
0.036593
0.085102
0.004599
-0.089109
-0.001692
0.079180
0.006393
-0.099949
-0.016846
-0.001638
0.035198
0.088685
-0.001073
-0.030576
0.033983
-0.100224
-0.015453
