Trial#	TargetAngle	ArcAngle	XHomePosition(m)	YHomePosition(m)	XTarget(m)	YTarget(m)	XTouch	YTouch	Block#	Time(ms)
73	47.9866495443	50	0.0	-0.085	0.075028	-0.001712	506	578	1	7086
74	87.6431550859	90	0.0	-0.085	0.004581	0.026303	819	671	1	4744
75	118.266575481	130	0.0	-0.085	-0.052368	0.012394	950	654	1	8132
76	115.775339229	90	0.0	-0.085	-0.048777	0.016011	1001	641	1	4791
77	22.4562862447	50	0.0	-0.085	0.104955	-0.041620	354	455	1	8315
78	108.097334951	130	0.0	-0.085	-0.035275	0.022941	1099	596	1	13719
79	65.8691347009	50	0.0	-0.085	0.046754	0.019369	600	635	1	10697
80	104.283598346	130	0.0	-0.085	-0.027569	0.023287	939	631	1	4815
81	94.9484288309	90	0.0	-0.085	-0.009864	0.028927	939	651	1	4839
82	64.0818952042	90	0.0	-0.085	0.049339	0.016528	603	627	1	9009
83	26.0724998013	50	0.0	-0.085	0.102289	-0.034950	320	416	1	5034
84	142.959669324	130	0.0	-0.085	-0.089304	-0.017606	1196	440	1	5942
85	98.6185584094	90	0.0	-0.085	-0.016795	0.025809	782	657	1	6916
86	109.974307277	130	0.0	-0.085	-0.038197	0.020092	995	620	1	5096
87	61.6623240096	50	0.0	-0.085	0.053383	0.013987	616	616	1	6216
88	88.4579893645	90	0.0	-0.085	0.003002	0.026517	787	670	1	3616
89	68.465089951	50	0.0	-0.085	0.042689	0.023179	630	642	1	3800
90	132.564864345	130	0.0	-0.085	-0.076257	-0.001969	1172	433	1	3410
145	50.739557641	50	0.0	-0.085	0.072314	0.003475	508	575	2	5331
146	132.457759433	130	0.0	-0.085	-0.075308	-0.002694	1191	471	2	3915
147	108.02774968	90	0.0	-0.085	-0.034316	0.020440	927	638	2	3729
148	70.0467427439	90	0.0	-0.085	0.038447	0.020901	603	617	2	4159
149	107.721919878	130	0.0	-0.085	-0.033818	0.020826	942	621	2	3449
150	47.3177838855	50	0.0	-0.085	0.076513	-0.002032	335	464	2	3601
151	113.140197161	130	0.0	-0.085	-0.043796	0.017479	1047	547	2	6091
152	106.301009218	90	0.0	-0.085	-0.031451	0.022547	958	661	2	4107
153	45.910646342	50	0.0	-0.085	0.080579	-0.001818	367	433	2	4263
154	103.967052677	130	0.0	-0.085	-0.026710	0.022391	946	632	2	3661
155	67.6215333225	90	0.0	-0.085	0.043382	0.020365	619	634	2	4251
156	68.9943319579	50	0.0	-0.085	0.041445	0.022936	633	618	2	3708
157	85.1206704748	90	0.0	-0.085	0.009561	0.026999	801	674	2	3576
158	106.409446859	130	0.0	-0.085	-0.031799	0.022978	941	659	2	3456
159	67.2137877615	50	0.0	-0.085	0.044288	0.020428	626	610	2	3496
160	86.5283442274	90	0.0	-0.085	0.006738	0.026067	782	669	2	3149
161	26.928926612	50	0.0	-0.085	0.099574	-0.034420	352	414	2	3820
162	117.373023077	130	0.0	-0.085	-0.050613	0.012755	1079	594	2	3210
217	84.6595295535	90	0.0	-0.085	0.010579	0.028169	820	647	3	4713
218	129.305203107	130	0.0	-0.085	-0.071131	0.001889	1182	486	3	3156
219	74.5109682428	50	0.0	-0.085	0.030820	0.026216	611	642	3	3472
220	71.4700957368	90	0.0	-0.085	0.035838	0.021923	621	633	3	3769
221	146.534165996	130	0.0	-0.085	-0.093645	-0.023098	1192	439	3	3237
222	37.2788749129	50	0.0	-0.085	0.088087	-0.017947	339	461	3	3275
223	131.454123272	130	0.0	-0.085	-0.073827	-0.001419	1075	590	3	2976
224	109.673708484	90	0.0	-0.085	-0.037978	0.021222	943	656	3	3224
225	34.8673467345	50	0.0	-0.085	0.092393	-0.020624	383	438	3	3246
226	72.7336833451	50	0.0	-0.085	0.033752	0.023590	651	643	3	3472
227	109.110879452	130	0.0	-0.085	-0.036702	0.020924	984	626	3	3029
228	87.5424618518	90	0.0	-0.085	0.004810	0.027073	829	647	3	3191
229	106.289088179	130	0.0	-0.085	-0.031247	0.021932	935	641	3	3204
230	87.1005907921	90	0.0	-0.085	0.005722	0.027977	783	647	3	3009
231	71.5096534655	50	0.0	-0.085	0.035993	0.022632	632	642	3	3326
232	68.3488323241	90	0.0	-0.085	0.042249	0.021431	583	630	3	3111
233	49.2161529621	50	0.0	-0.085	0.073449	0.000140	501	566	3	3211
234	104.565449388	130	0.0	-0.085	-0.027901	0.022379	924	641	3	3020
289	41.7127112057	50	0.0	-0.085	0.087035	-0.007420	451	503	4	6136
290	90.2813688626	90	0.0	-0.085	-0.000555	0.028015	784	659	4	3352
291	106.917768052	130	0.0	-0.085	-0.032309	0.021223	955	634	4	2964
292	148.2482521	130	0.0	-0.085	-0.094905	-0.026267	1177	456	4	2822
293	56.5033299351	50	0.0	-0.085	0.064484	0.012437	488	575	4	3435
294	109.820892839	90	0.0	-0.085	-0.037860	0.020040	959	625	4	2952
295	72.5103400235	90	0.0	-0.085	0.033694	0.021931	602	652	4	3164
296	48.9809727837	50	0.0	-0.085	0.075710	0.002036	490	558	4	3101
297	104.339688078	130	0.0	-0.085	-0.027947	0.024324	952	596	4	3939
298	146.771198883	130	0.0	-0.085	-0.093111	-0.024003	1167	477	4	3122
299	79.0423913671	50	0.0	-0.085	0.021594	0.026532	667	622	4	4723
300	88.7291625021	90	0.0	-0.085	0.002498	0.027604	769	673	4	3629
301	101.420542144	130	0.0	-0.085	-0.022147	0.024634	897	615	4	3210
302	108.177723039	90	0.0	-0.085	-0.035137	0.022010	949	641	4	3162
303	34.4246084675	50	0.0	-0.085	0.092851	-0.021365	397	464	4	4436
304	132.049273035	130	0.0	-0.085	-0.075009	-0.001838	1179	469	4	2849
305	76.3146166053	50	0.0	-0.085	0.027212	0.026752	637	622	4	2960
306	69.4721822839	90	0.0	-0.085	0.039987	0.021792	612	620	4	3106
