-0.100488
-0.018682
-0.010754
0.036261
0.091006
-0.003150
-0.076122
0.008924
0.082100
0.003001
-0.019259
0.035497
-0.100139
-0.011241
0.045621
0.028246
-0.000994
0.037561
-0.005034
0.038295
0.086684
0.000290
-0.100788
-0.015488
0.047051
0.028737
-0.027335
0.034477
-0.080762
0.005314
0.000987
0.037626
-0.056547
0.022970
0.076072
0.011328
0.034332
0.031729
0.085028
0.002915
-0.079432
0.008982
0.018825
0.034126
0.042370
0.030553
-0.075023
0.012208
-0.024798
0.035113
-0.019518
0.033631
0.084006
0.002348
-0.065606
0.016930
0.084886
0.002091
0.011010
0.035618
0.015239
0.035417
-0.094901
-0.009315
0.028288
0.034423
-0.034930
0.029896
-0.085038
-0.000235
0.070999
0.015838
-0.074253
0.009518
0.055445
0.025392
-0.014662
0.037411
-0.039858
0.030676
0.046813
0.028334
0.041849
0.028718
-0.095751
-0.012012
0.034947
0.030379
0.084279
0.001456
0.063160
0.019784
-0.089534
-0.003660
-0.048062
0.025036
0.044946
0.028549
0.028859
0.031514
-0.064025
0.018097
-0.096521
-0.013561
0.079696
0.007953
-0.024118
0.034633
-0.081943
0.005526
0.072190
0.012886
-0.018791
0.036908
0.087306
-0.001075
-0.084422
0.001814
-0.002474
0.036495
0.081344
0.005015
0.025919
0.032350
-0.027777
0.032818
-0.025592
0.035437
-0.053176
0.023439
0.060644
0.019379
-0.070729
0.012597
0.040506
0.029914
-0.041601
0.027611
0.038744
0.030026
-0.080755
0.006091
0.019244
0.034882
