Trial#	TargetAngle	ArcAngle	XHomePosition(m)	YHomePosition(m)	XTarget(m)	YTarget(m)	XTouch	YTouch	Block#	Time(ms)
73	130.308553423	130	0.0	-0.085	-0.072415	0.000363	1098	621	1	6150
74	15.375585918	50	0.0	-0.085	0.110085	-0.054728	293	408	1	3162
75	120.781268482	90	0.0	-0.085	-0.057730	0.011915	1045	659	1	3100
76	48.422668027	50	0.0	-0.085	0.077021	0.001820	459	583	1	2913
77	106.818189894	90	0.0	-0.085	-0.032319	0.021923	946	675	1	2933
78	110.169846144	130	0.0	-0.085	-0.038911	0.020929	969	645	1	2729
79	150.686315436	130	0.0	-0.085	-0.099548	-0.029105	1235	437	1	2849
80	41.0350976109	90	0.0	-0.085	0.085315	-0.010745	506	630	1	3318
81	60.1430520668	50	0.0	-0.085	0.055595	0.011851	601	646	1	3320
82	137.458257397	90	0.0	-0.085	-0.085597	-0.006450	991	630	1	2745
83	32.7881624274	50	0.0	-0.085	0.095839	-0.023264	374	501	1	2904
84	131.816646851	130	0.0	-0.085	-0.075281	-0.000852	1168	510	1	3670
85	132.091994642	130	0.0	-0.085	-0.075631	-0.001274	1156	512	1	3129
86	41.1140217494	90	0.0	-0.085	0.085730	-0.010176	523	634	1	3018
87	41.8155166205	50	0.0	-0.085	0.086387	-0.007719	483	583	1	2912
88	139.984915467	130	0.0	-0.085	-0.086886	-0.012055	1170	459	1	3229
89	96.6633405595	90	0.0	-0.085	-0.013073	0.026903	848	676	1	3271
90	40.0388031807	50	0.0	-0.085	0.086331	-0.012460	386	506	1	3074
145	50.8204056709	50	0.0	-0.085	0.071780	0.003075	541	635	2	3030
146	89.9963918885	90	0.0	-0.085	0.000007	0.026158	799	678	2	3789
147	150.710651018	130	0.0	-0.085	-0.100321	-0.028727	1215	454	2	2617
148	144.586361888	130	0.0	-0.085	-0.091813	-0.019719	1212	472	2	2703
149	91.1114081578	90	0.0	-0.085	-0.002187	0.027731	788	698	2	2689
150	12.7877761469	50	0.0	-0.085	0.112191	-0.059536	342	439	2	2669
151	62.9582124022	50	0.0	-0.085	0.051829	0.016537	613	674	2	2681
152	73.5783678297	90	0.0	-0.085	0.032101	0.023918	672	678	2	2599
153	135.391490053	130	0.0	-0.085	-0.081485	-0.004621	1144	518	2	2609
154	109.646419398	130	0.0	-0.085	-0.038500	0.022844	891	652	2	2549
155	87.0383599063	90	0.0	-0.085	0.005865	0.028363	789	675	2	2569
156	65.8701823755	50	0.0	-0.085	0.046590	0.019008	592	643	2	2569
157	104.275559844	130	0.0	-0.085	-0.028465	0.026872	885	661	2	2549
158	52.3544598619	90	0.0	-0.085	0.070015	0.005767	595	633	2	2489
159	79.6996820692	50	0.0	-0.085	0.020437	0.027454	659	658	2	2449
160	103.3904958	90	0.0	-0.085	-0.025791	0.023339	898	684	2	2449
161	139.808336725	130	0.0	-0.085	-0.087348	-0.011207	1102	554	2	2733
162	16.4817072747	50	0.0	-0.085	0.107481	-0.053200	366	454	2	2677
217	154.287175396	130	0.0	-0.085	-0.103810	-0.035011	1235	449	3	3116
218	17.3169993849	50	0.0	-0.085	0.109458	-0.050872	326	449	3	3060
219	89.1355678223	90	0.0	-0.085	0.001744	0.030586	775	702	3	3053
220	83.2316155075	90	0.0	-0.085	0.013476	0.028546	782	699	3	3109
221	74.3066589579	50	0.0	-0.085	0.030844	0.024780	692	701	3	2737
222	153.371578863	130	0.0	-0.085	-0.100847	-0.034437	1192	485	3	2695
223	38.1773984695	50	0.0	-0.085	0.089165	-0.014891	438	553	3	2783
224	105.96721563	90	0.0	-0.085	-0.031354	0.024581	954	680	3	2829
225	129.621620059	130	0.0	-0.085	-0.071566	0.001442	1036	631	3	2617
226	21.7227035425	50	0.0	-0.085	0.104107	-0.043523	368	479	3	2631
227	101.567747154	130	0.0	-0.085	-0.022706	0.025932	921	653	3	3467
228	107.29757934	90	0.0	-0.085	-0.034101	0.024502	916	636	3	2656
229	38.8139710383	50	0.0	-0.085	0.088282	-0.013984	384	507	3	2792
230	155.799503139	130	0.0	-0.085	-0.102666	-0.038859	1161	432	3	2860
231	90.8993190918	90	0.0	-0.085	-0.001759	0.027057	786	706	3	2698
232	108.250087228	130	0.0	-0.085	-0.035482	0.022602	914	656	3	2568
233	66.9770683254	50	0.0	-0.085	0.046114	0.023517	661	678	3	3280
234	92.3231761624	90	0.0	-0.085	-0.004669	0.030087	780	694	3	2890
289	82.1852155458	90	0.0	-0.085	0.015458	0.027630	792	715	4	3014
290	150.294799458	130	0.0	-0.085	-0.099092	-0.028467	1187	459	4	3701
291	11.9072360944	50	0.0	-0.085	0.117497	-0.060224	326	423	4	2780
292	103.619395234	90	0.0	-0.085	-0.027239	0.027426	934	706	4	2498
293	38.5868224733	50	0.0	-0.085	0.091520	-0.011975	382	526	4	2520
294	114.562235253	130	0.0	-0.085	-0.047644	0.019245	987	637	4	2474
295	150.257267936	130	0.0	-0.085	-0.100485	-0.027585	1168	460	4	2478
296	66.0980430392	90	0.0	-0.085	0.046455	0.019822	585	671	4	2456
297	26.895125937	50	0.0	-0.085	0.103434	-0.032536	322	468	4	2616
298	147.137598238	130	0.0	-0.085	-0.094316	-0.024072	1164	436	4	2728
299	86.3279873542	90	0.0	-0.085	0.007268	0.028250	779	703	4	3160
300	62.3011786537	50	0.0	-0.085	0.054294	0.018420	593	659	4	2770
301	71.2588345538	90	0.0	-0.085	0.037356	0.025103	634	664	4	2850
302	73.4207660165	50	0.0	-0.085	0.033195	0.026498	641	663	4	2650
303	140.395105605	130	0.0	-0.085	-0.089058	-0.011312	1134	583	4	2754
304	97.7687556959	130	0.0	-0.085	-0.015256	0.026825	904	672	4	2858
305	44.4901667914	90	0.0	-0.085	0.082086	-0.004362	576	653	4	2756
306	72.2035640518	50	0.0	-0.085	0.034076	0.021157	645	675	4	2688
