trial	targetangle_deg	arcangle_deg	homex_cm	homey_cm	handx_cm	handy_cm	tapx_cm	tapy_cm	block	time_ms	selected
91	100.67	90	0	0	-2.2325	11.843	-1.9701	8.3327	1	13333	1
92	163.05	130	0	0	-11.85	3.6108	-11.665	0.93667	1	4789	1
93	42.714	50	0	0	8.9924	8.302	9.2726	0.39201	1	5089	1
94	95.521	90	0	0	-1.1953	12.365	-1.1841	8.3613	1	8969	1
95	89.329	50	0	0	0.1435	12.259	0.76909	8.2753	1	4817	1
96	155.92	130	0	0	-10.977	4.906	-11.331	0.96534	1	3776	1
97	59.613	50	0	0	6.2386	10.639	5.9856	5.122	1	5209	1
98	131.45	130	0	0	-8.0762	9.1434	-7.9488	5.208	1	4953	1
99	93.298	90	0	0	-0.6935	12.033	-0.70771	7.0427	1	5797	1
100	95.011	130	0	0	-1.0727	12.233	-3.2326	7.7307	1	4666	1
101	87.34	90	0	0	0.5664	12.191	-1.327	8.3327	1	4423	1
102	87.76	50	0	0	0.4782	12.226	0.31652	7.358	1	5069	1
103	51.892	50	0	0	7.6233	9.7195	6.1999	5.1507	1	3905	1
104	132.36	130	0	0	-8.2417	9.0399	-8.4729	5.3513	1	4463	1
105	91.372	90	0	0	-0.2929	12.231	-0.96973	7.616	1	6341	1
106	127.21	90	0	0	-7.3602	9.6917	-7.0199	6.412	1	4563	1
107	99.36	130	0	0	-1.9693	11.948	-3.1611	7.2147	1	5829	1
108	81.515	50	0	0	1.7839	11.958	1.0311	8.5047	1	5761	1
235	161.85	130	0	0	-11.511	3.7747	-10.545	0.96534	2	7321	1
236	92.649	90	0	0	-0.5549	11.993	-0.94591	7.5873	2	4331	1
237	32.022	50	0	0	10.391	6.499	9.3679	0.44934	2	4867	1
238	90.785	90	0	0	-0.1663	12.13	-0.46952	7.4153	2	4337	1
239	156.61	130	0	0	-11.062	4.7836	-10.712	2.112	2	5057	1
240	36.932	50	0	0	9.6373	7.2444	10.13	0.42067	2	5057	1
241	80.03	50	0	0	2.0975	11.932	1.5551	7.2433	2	4929	1
242	93.694	130	0	0	-0.7856	12.167	-3.0658	7.8167	2	6385	1
243	85.914	90	0	0	0.8551	11.97	-1.2079	7.2147	2	4207	1
244	115.96	90	0	0	-5.2836	10.854	-6.0909	6.5553	2	6001	1
245	97.13	130	0	0	-1.4907	11.918	-3.1611	7.186	2	6195	1
246	36.118	50	0	0	9.7575	7.1201	9.0583	-0.23866	2	4895	1
247	54.234	50	0	0	7.0952	9.8502	5.7235	5.294	2	6600	1
248	120.66	130	0	0	-6.1327	10.346	-7.6392	5.0073	2	5922	1
249	88.209	90	0	0	0.3776	12.073	-1.2556	7.9887	2	7195	1
250	78.952	50	0	0	2.3201	11.882	0.81673	7.5873	2	6311	1
251	120.65	130	0	0	-6.1717	10.413	-7.9726	4.692	2	5228	1
252	60.895	90	0	0	5.9834	10.748	5.5806	5.5807	2	5111	1
379	96.037	90	0	0	-1.2733	12.039	-0.66007	7.9027	3	14993	1
380	65.45	50	0	0	5.0193	10.988	-0.94591	2.5133	3	4869	0
381	143.51	130	0	0	-9.8564	7.2917	-8.9731	3.832	3	3969	1
382	148.83	130	0	0	-10.522	6.3643	-9.4018	2.9147	3	22937	1
383	62.251	50	0	0	5.7168	10.866	7.2956	3.3733	3	5591	1
384	97.438	90	0	0	-1.5617	11.962	-1.3032	7.3293	3	5019	1
385	100.47	90	0	0	-2.226	12.044	-1.7081	7.4153	3	4521	1
386	141.39	130	0	0	-9.5583	7.633	-7.7106	5.638	3	3780	1
387	62.265	50	0	0	5.6815	10.806	6.1999	4.6347	3	4418	1
388	63.548	50	0	0	5.3905	10.834	5.8903	5.7527	3	5088	1
389	130.64	130	0	0	-7.8934	9.1955	-7.7344	5.122	3	4704	1
390	92.734	90	0	0	-0.5781	12.106	-0.70771	7.6733	3	4998	1
391	59.82	50	0	0	6.0705	10.438	6.3905	4.52	3	5336	1
392	93.974	90	0	0	-0.8328	11.986	-0.96973	7.3007	3	4656	1
393	137.04	130	0	0	-8.9683	8.351	-8.449	6.5267	3	4120	1
394	59.328	50	0	0	6.1225	10.323	7.3909	2.7427	3	4442	1
395	94.089	90	0	0	-0.8586	12.009	-0.87445	8.046	3	4036	1
396	139.09	130	0	0	-9.1469	7.9251	-7.925	4.864	3	4555	1
523	103.41	90	0	0	-2.7998	11.744	-0.85063	7.272	4	6253	1
524	66.25	50	0	0	4.9305	11.205	6.5572	4.3193	4	3781	1
525	131.98	130	0	0	-8.1558	9.0632	-7.8297	4.9213	4	4339	1
526	63.164	50	0	0	5.5141	10.899	5.8426	5.294	4	5153	1
527	130.24	130	0	0	-7.7528	9.1628	-7.7821	5.466	4	5021	1
528	58.296	90	0	0	6.3181	10.228	4.2467	6.8133	4	4419	1
529	126.49	90	0	0	-7.2712	9.8291	-5.9718	6.842	4	4537	1
530	62.132	50	0	0	5.694	10.769	5.9141	4.5773	4	4604	1
531	133.5	130	0	0	-8.4157	8.8668	-13.332	3.1727	4	4335	0
532	62.446	50	0	0	5.5645	10.665	-0.040767	4.4053	4	4158	0
533	132.56	130	0	0	-8.1752	8.9042	-7.5201	5.638	4	4185	1
534	53.744	90	0	0	7.1226	9.7118	5.2472	6.24	4	4998	1
535	169.38	130	0	0	-11.854	2.2227	-10.593	0.79334	4	4872	1
536	90.56	90	0	0	-0.1192	12.191	-0.96973	7.5587	4	3620	1
537	66.847	50	0	0	4.862	11.37	5.9856	4.692	4	4347	1
538	128	130	0	0	-7.5679	9.6878	-8.1632	5.3227	4	4080	1
539	89.464	50	0	0	0.1136	12.152	-4.9714	6.67	4	5283	1
540	94.669	90	0	0	-0.9837	12.044	-1.1126	9.6513	4	5300	1
