Trial#	TargetAngle	ArcAngle	XHomePosition(m)	YHomePosition(m)	XTarget(m)	YTarget(m)	XTouch	YTouch	Block#	Time(ms)
73	-10.8051736026	50	0.0	-0.085	0.109969	-0.105988	375	372	1	12784
74	73.5571727126	90	0.0	-0.085	0.031878	0.023014	812	592	1	3326
75	122.749685861	130	0.0	-0.085	-0.059761	0.007910	1166	406	1	5680
76	39.1300995728	50	0.0	-0.085	0.091553	-0.010517	469	479	1	7986
77	113.809774821	130	0.0	-0.085	-0.045813	0.018824	1218	400	1	3752
78	72.4565854083	90	0.0	-0.085	0.035893	0.028538	805	659	1	3140
79	15.6272001265	50	0.0	-0.085	0.111309	-0.053865	382	392	1	4011
80	145.848134337	130	0.0	-0.085	-0.092893	-0.021984	1186	389	1	7219
81	108.878679595	90	0.0	-0.085	-0.042186	0.038365	995	577	1	4393
82	21.7973141771	50	0.0	-0.085	0.110963	-0.040624	394	367	1	2901
83	89.4111423327	130	0.0	-0.085	0.001184	0.030199	888	609	1	3531
84	90.5158998111	90	0.0	-0.085	-0.001037	0.030166	824	632	1	5523
85	76.4294381384	130	0.0	-0.085	0.028281	0.032163	897	607	1	5325
86	39.5551543565	50	0.0	-0.085	0.086282	-0.013735	440	469	1	6958
87	82.9452277009	90	0.0	-0.085	0.013954	0.027755	805	625	1	2977
88	124.43230253	130	0.0	-0.085	-0.064731	0.009423	1142	491	1	3665
89	45.2089180809	50	0.0	-0.085	0.082931	-0.001462	446	486	1	8313
90	105.152679918	90	0.0	-0.085	-0.029723	0.024757	1043	578	1	2694
145	29.777422905	50	0.0	-0.085	0.099325	-0.028168	357	369	2	4414
146	149.98833355	130	0.0	-0.085	-0.097872	-0.028467	1234	429	2	4717
147	83.3961724534	90	0.0	-0.085	0.012851	0.026003	766	647	2	4191
148	46.8878067811	50	0.0	-0.085	0.078175	-0.001496	469	496	2	4188
149	132.541099317	130	0.0	-0.085	-0.077325	-0.000736	1149	505	2	3808
150	111.422783278	90	0.0	-0.085	-0.042040	0.022148	993	573	2	4008
151	97.0694041212	130	0.0	-0.085	-0.013840	0.026600	902	602	2	4160
152	62.1133504852	90	0.0	-0.085	0.054959	0.018858	592	583	2	3970
153	74.0916790524	50	0.0	-0.085	0.031129	0.024219	712	607	2	3218
154	82.4599868357	90	0.0	-0.085	0.015051	0.028710	812	668	2	4128
155	38.7629064357	50	0.0	-0.085	0.089061	-0.013488	394	396	2	4760
156	145.499680294	130	0.0	-0.085	-0.092197	-0.021634	1223	368	2	2978
157	92.7896342993	130	0.0	-0.085	-0.005469	0.027238	894	616	2	3653
158	64.4355101891	50	0.0	-0.085	0.049511	0.018502	618	567	2	4575
159	100.887847363	90	0.0	-0.085	-0.021316	0.025819	995	619	2	5081
160	138.701565982	130	0.0	-0.085	-0.084796	-0.010509	1181	375	2	3019
161	51.0205307648	50	0.0	-0.085	0.070258	0.001825	352	370	2	6129
162	108.256416378	90	0.0	-0.085	-0.034940	0.020919	978	558	2	4088
217	27.1727036917	50	0.0	-0.085	0.100577	-0.033371	359	357	3	4023
218	87.004798499	90	0.0	-0.085	0.005977	0.029231	816	602	3	4924
219	144.602329767	130	0.0	-0.085	-0.091673	-0.019857	1224	414	3	3063
220	94.1416300359	130	0.0	-0.085	-0.008032	0.025922	903	617	3	2965
221	72.3943788555	50	0.0	-0.085	0.034409	0.023434	735	651	3	4929
222	83.1459296758	90	0.0	-0.085	0.013726	0.029193	808	624	3	3559
223	31.0473462437	50	0.0	-0.085	0.097489	-0.026313	396	425	3	2689
224	106.476650758	90	0.0	-0.085	-0.031404	0.021177	1032	578	3	6113
225	145.891226998	130	0.0	-0.085	-0.093801	-0.021471	1231	419	3	2509
226	119.570598899	130	0.0	-0.085	-0.056365	0.014339	1075	533	3	3977
227	34.2731468162	50	0.0	-0.085	0.097001	-0.018897	354	383	3	3881
228	84.0617756783	90	0.0	-0.085	0.011730	0.027773	838	606	3	3710
229	138.513899848	130	0.0	-0.085	-0.085267	-0.009599	1213	400	3	2601
230	48.4928057044	50	0.0	-0.085	0.075772	0.000623	485	521	3	3921
231	80.335834173	90	0.0	-0.085	0.019170	0.027573	723	588	3	3003
232	139.662192903	130	0.0	-0.085	-0.085091	-0.012741	1178	384	3	2450
233	54.8088410188	90	0.0	-0.085	0.065733	0.008213	533	558	3	2989
234	73.2625639813	50	0.0	-0.085	0.032609	0.023434	703	604	3	3409
289	34.7023304327	50	0.0	-0.085	0.092567	-0.020898	388	382	4	6209
290	149.918569169	130	0.0	-0.085	-0.096496	-0.029105	1217	390	4	3064
291	88.7374442341	90	0.0	-0.085	0.002493	0.028116	795	620	4	3247
292	114.985284292	90	0.0	-0.085	-0.048566	0.019220	1018	603	4	3233
293	157.684425737	130	0.0	-0.085	-0.102264	-0.043026	1159	368	4	2861
294	14.0200412544	50	0.0	-0.085	0.110673	-0.057365	356	360	4	2715
295	78.3677264212	50	0.0	-0.085	0.022506	0.024328	706	628	4	3055
296	150.778711482	130	0.0	-0.085	-0.097088	-0.030692	1216	387	4	3407
297	85.395996443	90	0.0	-0.085	0.009034	0.027184	801	626	4	3265
298	98.0037543691	130	0.0	-0.085	-0.015707	0.026708	895	617	4	3255
299	113.898875841	90	0.0	-0.085	-0.045274	0.017172	1008	566	4	3047
300	46.9633602727	50	0.0	-0.085	0.077555	-0.001939	373	384	4	3225
301	97.8361606239	130	0.0	-0.085	-0.015417	0.027021	882	640	4	3607
302	111.777686785	90	0.0	-0.085	-0.041266	0.018289	1036	587	4	2961
303	22.2530402895	50	0.0	-0.085	0.105530	-0.041820	380	380	4	4059
304	84.3983192242	90	0.0	-0.085	0.011047	0.027632	806	636	4	2849
305	146.490854484	130	0.0	-0.085	-0.093961	-0.022787	1185	388	4	3617
306	48.650416739	50	0.0	-0.085	0.076153	0.001532	356	415	4	4130
