Trial#	TargetAngle	ArcAngle	XHomePosition(m)	YHomePosition(m)	XTarget(m)	YTarget(m)	XTouch	YTouch	Block#	Time(ms)
46	125.303656528	130	0.0	-0.085	-0.069723	0.013460	1142	585	1	15389
47	86.3741552412	90	0.0	-0.085	0.007601	0.034951	748	771	1	7617
48	38.2739584186	50	0.0	-0.085	0.094599	-0.010360	432	668	1	6768
49	41.5574327953	50	0.0	-0.085	0.089870	-0.005329	436	679	1	14552
50	60.2879640749	90	0.0	-0.085	0.059733	0.019672	581	759	1	5121
51	147.612570716	130	0.0	-0.085	-0.102735	-0.019834	1153	579	1	5107
52	85.1916614759	90	0.0	-0.085	0.010235	0.036673	761	778	1	4921
53	26.3518713885	50	0.0	-0.085	0.108245	-0.031380	316	561	1	4099
54	141.94368996	130	0.0	-0.085	-0.095841	-0.009969	1168	590	1	4345
55	54.0374774979	50	0.0	-0.085	0.070570	0.012265	408	674	1	6527
56	75.235843811	90	0.0	-0.085	0.030928	0.032355	645	770	1	5850
57	144.667548983	130	0.0	-0.085	-0.099155	-0.014710	1153	616	1	4010
58	34.6251073814	50	0.0	-0.085	0.099913	-0.016010	320	579	1	4809
59	104.806478218	90	0.0	-0.085	-0.030763	0.031380	916	754	1	6746
60	111.398379526	130	0.0	-0.085	-0.043940	0.027131	898	748	1	5808
61	64.6823880415	90	0.0	-0.085	0.052796	0.026602	571	741	1	5472
62	153.886095669	130	0.0	-0.085	-0.109138	-0.031501	1160	605	1	4620
63	34.0456648067	50	0.0	-0.085	0.101421	-0.016473	354	624	1	4953
118	48.0747179798	50	0.0	-0.085	0.081970	0.006276	391	643	2	4471
119	137.429430544	130	0.0	-0.085	-0.089631	-0.002665	1044	684	2	4931
120	100.267639522	90	0.0	-0.085	-0.021531	0.033859	740	758	2	4852
121	103.226148552	90	0.0	-0.085	-0.027682	0.032781	811	778	2	4009
122	40.7260539024	50	0.0	-0.085	0.091657	-0.006090	405	650	2	3747
123	147.140399571	130	0.0	-0.085	-0.102070	-0.019070	1115	643	2	4401
124	164.787376923	130	0.0	-0.085	-0.116390	-0.053350	1037	686	2	4923
125	40.2243003951	50	0.0	-0.085	0.092888	-0.006436	438	665	2	4461
126	102.469684021	90	0.0	-0.085	-0.025987	0.032514	742	744	2	5707
127	139.05989209	90	0.0	-0.085	-0.092390	-0.004856	883	759	2	3903
128	177.273012751	130	0.0	-0.085	-0.120762	-0.079248	1185	574	2	3389
129	87.9686389049	50	0.0	-0.085	0.004381	0.038517	538	731	2	3914
130	177.996840396	130	0.0	-0.085	-0.121369	-0.080755	1153	609	2	3318
131	34.5538154087	50	0.0	-0.085	0.102327	-0.014531	354	621	2	4168
132	97.530463497	90	0.0	-0.085	-0.015942	0.035596	770	773	2	4469
133	72.5318442063	90	0.0	-0.085	0.036354	0.030524	587	747	2	3529
134	85.2801926138	50	0.0	-0.085	0.009941	0.035405	590	748	2	4149
135	152.461584366	130	0.0	-0.085	-0.107332	-0.029035	1101	654	2	3284
190	44.3725492821	50	0.0	-0.085	0.086819	-0.000062	478	710	3	6733
191	139.095220092	130	0.0	-0.085	-0.091097	-0.006076	1090	616	3	5365
192	128.599986458	90	0.0	-0.085	-0.075962	0.010156	896	755	3	6714
193	86.7859472423	50	0.0	-0.085	0.006748	0.035168	641	764	3	6238
194	71.3510142861	90	0.0	-0.085	0.038844	0.030097	593	741	3	6256
195	153.98971816	130	0.0	-0.085	-0.108549	-0.032033	1137	599	3	6432
196	128.124430797	130	0.0	-0.085	-0.074088	0.009405	915	738	3	5788
197	17.6470826707	50	0.0	-0.085	0.115078	-0.048391	311	555	3	5513
198	61.2036497938	90	0.0	-0.085	0.057931	0.020392	591	770	3	5789
199	69.7253237118	50	0.0	-0.085	0.041806	0.028170	606	754	3	5969
200	122.778401816	90	0.0	-0.085	-0.065485	0.016697	936	742	3	5409
201	135.401549977	130	0.0	-0.085	-0.085995	-0.000202	995	730	3	6249
202	24.0886778493	50	0.0	-0.085	0.110015	-0.035814	345	612	3	4729
203	98.2353679576	90	0.0	-0.085	-0.017432	0.035443	762	757	3	6585
204	146.911506855	130	0.0	-0.085	-0.100613	-0.019440	1098	673	3	4929
205	39.6249976787	50	0.0	-0.085	0.092498	-0.008411	427	677	3	5415
206	71.7572149773	90	0.0	-0.085	0.037810	0.029711	576	742	3	4629
207	137.456012904	130	0.0	-0.085	-0.089453	-0.002905	956	731	3	4387
262	93.9629072923	90	0.0	-0.085	-0.008371	0.035835	854	751	4	5724
263	147.515108215	130	0.0	-0.085	-0.103091	-0.019362	1129	654	4	3249
264	31.3192815399	50	0.0	-0.085	0.103724	-0.021887	393	639	4	3622
265	129.83007662	90	0.0	-0.085	-0.078615	0.009256	981	734	4	3389
266	172.229850006	130	0.0	-0.085	-0.121068	-0.068480	1209	540	4	3469
267	6.80565206706	50	0.0	-0.085	0.120091	-0.070668	309	536	4	3364
268	29.9415296463	50	0.0	-0.085	0.105033	-0.024502	294	546	4	4969
269	112.136141442	130	0.0	-0.085	-0.045920	0.027883	906	751	4	4089
270	65.1678607355	90	0.0	-0.085	0.050536	0.024209	537	746	4	3958
271	131.046724185	130	0.0	-0.085	-0.079535	0.006344	932	753	4	4169
272	104.372987904	90	0.0	-0.085	-0.030045	0.032247	752	750	4	4360
273	45.8531584401	50	0.0	-0.085	0.085138	0.002712	439	657	4	3723
274	140.126438559	90	0.0	-0.085	-0.092661	-0.007596	981	710	4	3669
275	15.4574907971	50	0.0	-0.085	0.117895	-0.052399	296	500	4	3825
276	105.183786086	130	0.0	-0.085	-0.031773	0.032075	859	757	4	4369
277	167.387929781	130	0.0	-0.085	-0.117123	-0.058794	1220	544	4	3649
278	84.1353121511	50	0.0	-0.085	0.012309	0.034834	645	740	4	4249
279	73.5009989714	90	0.0	-0.085	0.035142	0.033645	571	754	4	3849
