Trial#	TargetAngle	ArcAngle	XHomePosition(m)	YHomePosition(m)	XTarget(m)	YTarget(m)	XTouch	YTouch	Block#	Time(ms)
46	76.777725563	90	0.0	-0.085	0.027597	0.032455	717	68	1	29128
47	164.383545829	130	0.0	-0.085	-0.118255	-0.051946	1070	642	1	18287
48	13.8382610846	50	0.0	-0.085	0.117699	-0.056007	148	640	1	13344
49	125.463019485	130	0.0	-0.085	-0.069927	0.013168	841	899	1	8182
50	113.267683016	90	0.0	-0.085	-0.047702	0.025935	730	899	1	9548
51	24.0721036393	50	0.0	-0.085	0.111063	-0.035384	127	690	1	7201
52	66.1585236494	50	0.0	-0.085	0.048793	0.025412	374	857	1	6594
53	108.927015503	90	0.0	-0.085	-0.039402	0.029907	824	899	1	5511
54	118.863859315	130	0.0	-0.085	-0.058434	0.021011	849	899	1	5179
55	111.915065618	90	0.0	-0.085	-0.045770	0.028770	891	899	1	5409
56	16.0561279992	50	0.0	-0.085	0.115498	-0.051759	15	561	1	5881
57	109.7608822	130	0.0	-0.085	-0.041006	0.029143	809	899	1	6107
58	49.7097136992	50	0.0	-0.085	0.078551	0.007656	381	886	1	13049
59	135.505729319	130	0.0	-0.085	-0.086575	0.000060	956	792	1	12593
60	100.709412714	90	0.0	-0.085	-0.022633	0.034674	640	876	1	7358
61	114.398526487	130	0.0	-0.085	-0.049844	0.024888	815	875	1	9384
62	55.5479660334	50	0.0	-0.085	0.068797	0.015280	275	819	1	9926
63	67.9637835002	90	0.0	-0.085	0.045443	0.027271	443	899	1	9288
118	105.074981131	90	0.0	-0.085	-0.031452	0.031769	746	899	2	23529
119	127.00398108	130	0.0	-0.085	-0.072990	0.011847	766	899	2	5857
120	53.3871939748	50	0.0	-0.085	0.072067	0.011993	291	899	2	5849
121	90.8704156051	90	0.0	-0.085	-0.001835	0.035781	597	873	2	6753
122	129.959090307	130	0.0	-0.085	-0.077154	0.007082	811	885	2	4741
123	56.61953467	50	0.0	-0.085	0.066449	0.015850	257	875	2	4539
124	134.255923261	130	0.0	-0.085	-0.083750	0.000954	846	899	2	4816
125	52.1482796206	50	0.0	-0.085	0.074228	0.010516	280	899	2	5137
126	98.4851097565	90	0.0	-0.085	-0.017772	0.034127	577	899	2	4457
127	58.0185746133	50	0.0	-0.085	0.064716	0.018642	298	899	2	4722
128	145.696273749	130	0.0	-0.085	-0.100220	-0.016625	1037	722	2	5116
129	113.736650848	90	0.0	-0.085	-0.048849	0.026088	818	899	2	4680
130	89.4935017084	90	0.0	-0.085	0.001064	0.035358	494	899	2	4506
131	65.3546426605	50	0.0	-0.085	0.050788	0.025699	342	899	2	4699
132	140.267028402	130	0.0	-0.085	-0.094105	-0.006781	1005	769	2	4390
133	63.3180424664	50	0.0	-0.085	0.054623	0.023691	310	805	2	4674
134	139.1830864	130	0.0	-0.085	-0.091308	-0.006138	1080	708	2	4769
135	114.781602495	90	0.0	-0.085	-0.051396	0.026325	826	899	2	4269
190	116.40537919	130	0.0	-0.085	-0.053525	0.022800	780	880	3	9370
191	99.0650536898	90	0.0	-0.085	-0.018914	0.033547	728	899	3	5929
192	44.9949790754	50	0.0	-0.085	0.085593	0.000578	0	659	3	5809
193	80.811177684	90	0.0	-0.085	0.019304	0.034334	616	826	3	4581
194	63.7332417174	50	0.0	-0.085	0.054172	0.024769	319	899	3	3535
195	127.578587592	130	0.0	-0.085	-0.073959	0.011112	1228	549	3	3769
196	99.4104257174	90	0.0	-0.085	-0.019646	0.033538	587	899	3	3471
197	125.85216391	130	0.0	-0.085	-0.070408	0.012436	938	803	3	3891
198	62.56878228	50	0.0	-0.085	0.056641	0.024126	226	854	3	3699
199	129.580919928	130	0.0	-0.085	-0.076756	0.007845	1068	740	3	3809
200	51.8959603451	50	0.0	-0.085	0.074487	0.009983	110	735	3	5001
201	96.3036955765	90	0.0	-0.085	-0.013401	0.036313	873	652	3	3627
202	132.230327342	130	0.0	-0.085	-0.080768	0.003980	1045	694	3	4399
203	44.7766205268	50	0.0	-0.085	0.085488	-0.000176	17	625	3	4058
204	90.5419145605	90	0.0	-0.085	-0.001143	0.035844	727	715	3	4272
205	90.9657771427	90	0.0	-0.085	-0.002047	0.036429	487	899	3	4764
206	124.101192103	130	0.0	-0.085	-0.067505	0.014700	1065	750	3	3849
207	42.6610523487	50	0.0	-0.085	0.088438	-0.003503	0	611	3	5014
262	104.138981192	90	0.0	-0.085	-0.029340	0.031472	658	899	4	7384
263	116.569515568	130	0.0	-0.085	-0.053911	0.022801	722	899	4	4917
264	57.027287556	50	0.0	-0.085	0.065394	0.015803	139	829	4	5105
265	115.291070126	130	0.0	-0.085	-0.051912	0.024865	767	899	4	6399
266	60.6892343013	50	0.0	-0.085	0.058824	0.019777	191	899	4	4641
267	90.1842696676	90	0.0	-0.085	-0.000390	0.036264	605	899	4	4282
268	118.945051898	90	0.0	-0.085	-0.058807	0.021331	727	899	4	4021
269	43.3475791283	50	0.0	-0.085	0.087734	-0.002186	0	623	4	4643
270	121.811023642	130	0.0	-0.085	-0.064008	0.018190	776	899	4	3965
271	65.2140200927	50	0.0	-0.085	0.050456	0.024267	538	646	4	3936
272	108.701412426	90	0.0	-0.085	-0.038786	0.029579	727	899	4	4223
273	117.505014872	130	0.0	-0.085	-0.055975	0.022504	689	860	4	3880
274	62.127511774	50	0.0	-0.085	0.056527	0.021885	142	732	4	3754
275	127.67605469	130	0.0	-0.085	-0.073554	0.010250	969	751	4	4135
276	92.0928546005	90	0.0	-0.085	-0.004445	0.036636	562	899	4	3870
277	45.5817222808	50	0.0	-0.085	0.085060	0.001805	0	602	4	3866
278	96.0424884813	90	0.0	-0.085	-0.012672	0.034712	472	899	4	4144
279	117.730303605	130	0.0	-0.085	-0.055891	0.021320	691	899	4	4054
