-0.067452
0.014758
-0.088990
-0.004164
0.029388
0.032280
0.098000
-0.014611
-0.017159
0.034142
-0.066722
0.015847
-0.044466
0.027104
0.036386
0.029915
-0.048980
0.024852
0.017196
0.034207
-0.061010
0.019414
-0.015505
0.035197
0.009805
0.036277
0.011776
0.036085
-0.038987
0.028532
-0.023500
0.033737
0.019794
0.034285
-0.026245
0.033235
-0.077828
0.007662
0.030778
0.033993
-0.012686
0.035715
-0.041139
0.029056
0.028491
0.031851
0.006560
0.035327
-0.003431
0.035690
0.033947
0.030999
-0.039849
0.028234
-0.044554
0.026918
-0.093832
-0.009407
0.031719
0.031299
-0.050204
0.025300
-0.029878
0.032142
0.074973
0.009351
0.007978
0.035797
-0.043003
0.028059
0.040308
0.029869
-0.052731
0.023434
-0.007495
0.035209
0.031948
0.030828
-0.068164
0.013983
-0.022625
0.033027
0.029893
0.031885
0.002557
0.035039
0.056647
0.021896
-0.080095
0.005076
-0.084251
0.001637
0.056088
0.021528
-0.010354
0.035121
-0.078213
0.006493
-0.048166
0.026995
0.036073
0.030251
-0.038928
0.028528
-0.027761
0.032430
0.055436
0.022552
-0.038591
0.028796
0.041428
0.028016
-0.027308
0.033119
0.050837
0.023851
-0.033039
0.030661
-0.005302
0.035898
-0.045847
0.026340
-0.043217
0.028812
0.031366
0.033829
0.003718
0.036437
0.024812
0.033724
-0.045335
0.027904
0.042660
0.027971
-0.009903
0.035599
-0.046981
0.027513
-0.042290
0.028555
0.048494
0.025101
-0.000158
0.035907
