trial	targetangle_deg	arcangle_deg	homex_cm	homey_cm	handx_cm	handy_cm	tapx_cm	tapy_cm	block	time_ms	selected
73	157.38	130	0	0	-10.276	4.2822	-11.45	5.8873	1	5051	1
74	37.219	50	0	0	9.3429	7.0966	7.1765	7.0627	1	4570	1
75	78.169	90	0	0	2.2784	10.876	-1.8272	10.646	1	4803	1
76	73.881	90	0	0	3.1196	10.795	-0.064586	11.334	1	3249	1
77	127.45	130	0	0	-6.9069	9.0168	-9.5924	6.518	1	3349	1
78	38.835	50	0	0	9.1861	7.395	8.2008	6.002	1	5408	1
79	72.803	90	0	0	3.3135	10.706	-0.15986	10.789	1	4024	1
80	144.97	130	0	0	-9.1818	6.4357	-9.4971	5.3427	1	3422	1
81	22.865	50	0	0	10.288	4.3383	7.4385	6.8047	1	13036	1
82	62.387	90	0	0	5.1551	9.8553	2.2935	10.847	1	3329	1
83	139.03	130	0	0	-8.6313	7.4961	-10.14	5.486	1	3641	1
84	26.357	50	0	0	10.468	5.1867	7.4624	5.572	1	3715	1
85	94.707	90	0	0	-0.9131	11.091	-3.566	10.646	1	3009	1
86	90.975	130	0	0	-0.1909	11.219	-4.3283	10.875	1	2909	1
87	18.741	50	0	0	11.062	3.753	8.3437	5.6007	1	5019	1
88	31.607	50	0	0	10.007	6.1579	7.4147	6.604	1	3113	1
89	81.319	90	0	0	1.687	11.049	-1.2794	10.789	1	3069	1
90	147.03	130	0	0	-9.4919	6.1576	-10.116	5.3427	1	3097	1
145	58.009	90	0	0	6.0733	9.7226	2.9128	10.503	2	3728	1
146	144.6	130	0	0	-9.1708	6.5177	-10.783	4.5113	2	3209	1
147	49.63	50	0	0	7.5941	8.9325	5.5092	7.9227	2	2992	1
148	24.248	50	0	0	10.214	4.6005	9.1059	5.8873	2	3367	1
149	121.99	130	0	0	-6.0306	9.6558	-8.4729	7.034	2	3109	1
150	65.779	90	0	0	4.6237	10.278	2.1744	11.047	2	4370	1
151	44.977	50	0	0	8.5087	8.5018	4.866	9.4133	2	3058	1
152	140.7	130	0	0	-8.6816	7.1064	-10.498	5.3427	2	2776	1
153	73.938	90	0	0	3.1515	10.946	0.81673	10.56	2	3264	1
154	29.703	50	0	0	9.7726	5.5748	8.7486	5.658	2	3558	1
155	86.261	90	0	0	0.7201	11.018	-1.8272	10.503	2	3233	1
156	145.59	130	0	0	-9.2753	6.3532	-10.712	3.9953	2	3069	1
157	62.79	90	0	0	5.1765	10.068	2.1744	10.13	2	3457	1
158	136.4	130	0	0	-8.1072	7.7214	-10.378	5.83	2	4081	1
159	40.847	50	0	0	8.7305	7.5486	7.7006	6.6613	2	3747	1
160	22.783	50	0	0	10.246	4.3034	8.8439	5.4	2	3473	1
161	92.81	90	0	0	-0.5479	11.163	-3.9472	10.302	2	3197	1
162	141.04	130	0	0	-8.7268	7.058	-9.5447	5.5433	2	3281	1
217	60.904	90	0	0	5.5374	9.9504	1.9362	10.646	3	3173	1
218	61.097	50	0	0	5.6341	10.205	2.3174	9.8147	3	2909	1
219	130.02	130	0	0	-7.1928	8.5648	-10.259	5.3427	3	2974	1
220	81.4	90	0	0	1.6855	11.145	-2.9944	10.445	3	3905	1
221	139.49	130	0	0	-8.5556	7.3105	-10.712	4.3967	3	2823	1
222	44.957	50	0	0	8.2536	8.2412	4.7708	8.668	3	3157	1
223	141.19	130	0	0	-8.8115	7.0873	-10.688	4.2247	3	2849	1
224	68.912	90	0	0	4.0962	10.622	1.6504	10.961	3	3129	1
225	47.187	50	0	0	7.8898	8.5162	4.2229	9.5853	3	3609	1
226	50.834	50	0	0	7.369	9.0462	5.0328	8.7827	3	3480	1
227	93.545	90	0	0	-0.6906	11.148	-3.8995	9.7573	3	3411	1
228	136.94	130	0	0	-8.1412	7.6069	-10.116	5.6293	3	4083	1
229	100.5	130	0	0	-2.0512	11.066	-4.2092	10.503	3	3173	1
230	34.028	50	0	0	9.3329	6.3017	7.9387	6.088	3	3716	1
231	78.782	90	0	0	2.1888	11.036	-1.3747	9.872	3	4041	1
232	43.933	50	0	0	8.3432	8.038	4.1991	9.012	3	3379	1
233	97.831	90	0	0	-1.5225	11.07	-3.8281	10.13	3	3593	1
234	93.938	130	0	0	-0.7751	11.258	-4.1377	10.617	3	3336	1
289	138.85	130	0	0	-8.3475	7.296	-10.116	5.6293	4	3071	1
290	39.325	50	0	0	8.7214	7.1448	7.9387	6.862	4	3363	1
291	83.721	90	0	0	1.2135	11.029	-3.1135	10.646	4	3333	1
292	53.653	50	0	0	6.8081	9.2521	4.1991	9.4133	4	3469	1
293	136.69	130	0	0	-8.1564	7.6879	-8.449	4.9413	4	3161	1
294	66.303	90	0	0	4.5189	10.296	2.7461	10.474	4	3507	1
295	91.556	90	0	0	-0.3021	11.12	-4.0186	10.474	4	3789	1
296	30.057	50	0	0	9.6488	5.5835	8.9868	6.088	4	4789	1
297	141.98	130	0	0	-8.7072	6.8089	-10.76	6.604	4	4503	1
298	128.56	130	0	0	-6.9151	8.6736	-9.5685	7.5213	4	3653	1
299	69.158	90	0	0	4.0252	10.573	1.5075	10.474	4	3405	1
300	31.729	50	0	0	9.4396	5.8366	8.7486	6.69	4	3640	1
301	51.828	50	0	0	7.0012	8.9059	4.342	8.8687	4	3602	1
302	116.99	130	0	0	-5.041	9.8965	-5.4001	10.159	4	3257	1
303	75.853	90	0	0	2.7535	10.924	1.5551	10.675	4	3436	1
304	60.803	90	0	0	5.4987	9.84	4.7946	10.445	4	3976	1
305	72.127	50	0	0	3.4883	10.817	2.3412	10.474	4	3536	1
306	142.02	130	0	0	-8.8601	6.9161	-10.093	5.916	4	4200	1
