Trial#	TargetAngle	ArcAngle	XHomePosition(m)	YHomePosition(m)	XTarget(m)	YTarget(m)	XTouch	YTouch	Block#	Time(ms)
46	46.7114354647	50	0.0	-0.085	0.083070	0.003187	510	553	1	15926
47	95.37694535	90	0.0	-0.085	-0.011271	0.034749	875	620	1	10001
48	113.888814955	130	0.0	-0.085	-0.048701	0.024958	939	599	1	9569
49	141.558782715	130	0.0	-0.085	-0.094328	-0.010126	1141	473	1	8051
50	104.730996555	90	0.0	-0.085	-0.030863	0.032384	898	611	1	6339
51	68.9157853617	50	0.0	-0.085	0.043314	0.027343	659	594	1	10601
52	100.347139325	130	0.0	-0.085	-0.021655	0.033605	814	596	1	6339
53	59.9151967971	50	0.0	-0.085	0.060167	0.018857	636	597	1	6455
54	80.0166066886	90	0.0	-0.085	0.021016	0.034390	714	575	1	9199
55	99.9277980439	90	0.0	-0.085	-0.020839	0.034061	929	596	1	8065
56	108.177592626	130	0.0	-0.085	-0.037469	0.029113	874	556	1	5823
57	37.0482414402	50	0.0	-0.085	0.096616	-0.012067	412	418	1	6269
58	73.2438246709	50	0.0	-0.085	0.035100	0.031579	650	576	1	5849
59	104.31560796	90	0.0	-0.085	-0.030060	0.032796	853	578	1	7353
60	144.774821126	130	0.0	-0.085	-0.099330	-0.014865	1148	389	1	7605
61	67.7896982872	50	0.0	-0.085	0.045462	0.026344	658	585	1	6183
62	111.17693699	130	0.0	-0.085	-0.043848	0.028182	969	578	1	6318
63	99.6554094548	90	0.0	-0.085	-0.020275	0.034172	867	597	1	9575
118	49.4081872107	50	0.0	-0.085	0.078895	0.007075	492	507	2	16227
119	89.0467701892	90	0.0	-0.085	0.002001	0.035263	858	613	2	7801
120	136.511301587	130	0.0	-0.085	-0.087609	-0.001895	1161	418	2	8995
121	47.3984786388	50	0.0	-0.085	0.082611	0.004834	421	450	2	6423
122	110.706676696	130	0.0	-0.085	-0.042580	0.027645	927	583	2	6293
123	84.0459419769	90	0.0	-0.085	0.012478	0.034643	819	604	2	4917
124	68.8135252694	50	0.0	-0.085	0.043653	0.027623	629	584	2	5009
125	78.5042090315	90	0.0	-0.085	0.024074	0.033372	640	598	2	4608
126	136.350162347	130	0.0	-0.085	-0.087899	-0.001149	1127	440	2	6408
127	77.2021308014	50	0.0	-0.085	0.027086	0.034240	647	601	2	4697
128	107.485353823	90	0.0	-0.085	-0.036331	0.030330	882	615	2	5137
129	107.099790325	130	0.0	-0.085	-0.035827	0.031459	924	604	2	5140
130	132.085140713	130	0.0	-0.085	-0.081380	0.005112	1083	547	2	4714
131	110.622985496	90	0.0	-0.085	-0.042412	0.027698	917	598	2	5214
132	48.5871899564	50	0.0	-0.085	0.079923	0.005614	400	430	2	5070
133	85.4988371125	90	0.0	-0.085	0.009455	0.035106	662	602	2	4834
134	78.9746690778	50	0.0	-0.085	0.023392	0.035058	592	559	2	4782
135	116.377454338	130	0.0	-0.085	-0.053341	0.022561	904	597	2	5052
190	63.6561726931	50	0.0	-0.085	0.053506	0.023053	577	586	3	7727
191	125.180743865	130	0.0	-0.085	-0.069572	0.013695	1065	604	3	6148
192	86.4017020569	90	0.0	-0.085	0.007537	0.034854	812	629	3	5624
193	143.732909017	130	0.0	-0.085	-0.097067	-0.013783	1137	445	3	5358
194	72.0096278445	90	0.0	-0.085	0.037133	0.029349	633	553	3	5144
195	79.8123568167	50	0.0	-0.085	0.021376	0.033950	648	605	3	4733
196	85.3474967937	90	0.0	-0.085	0.009904	0.036700	685	596	3	5943
197	73.7232587382	50	0.0	-0.085	0.033639	0.030210	641	598	3	4836
198	109.216454605	130	0.0	-0.085	-0.039872	0.029391	926	629	3	5152
199	141.848217633	130	0.0	-0.085	-0.094824	-0.010510	1069	474	3	4844
200	80.0292381355	50	0.0	-0.085	0.021046	0.034715	622	576	3	4959
201	87.0938257127	90	0.0	-0.085	0.006105	0.035258	691	598	3	5136
202	82.5096605733	50	0.0	-0.085	0.015715	0.034523	640	595	3	5008
203	158.090126681	130	0.0	-0.085	-0.111940	-0.039978	1139	393	3	5066
204	118.417039724	90	0.0	-0.085	-0.057648	0.021542	976	591	3	5406
205	112.910496358	130	0.0	-0.085	-0.046774	0.025673	865	584	3	5048
206	114.489701701	90	0.0	-0.085	-0.050229	0.025270	890	616	3	4664
207	48.9509028657	50	0.0	-0.085	0.079573	0.006380	416	432	3	4815
262	135.577445942	130	0.0	-0.085	-0.086790	0.000058	1085	535	4	6327
263	63.7556387476	50	0.0	-0.085	0.053246	0.022999	582	591	4	4280
264	98.0294748164	90	0.0	-0.085	-0.016984	0.035398	749	592	4	4634
265	113.16928507	90	0.0	-0.085	-0.047271	0.025455	929	618	4	4302
266	45.3113652526	50	0.0	-0.085	0.085284	0.001216	392	434	4	4412
267	115.040790462	130	0.0	-0.085	-0.051008	0.024184	926	593	4	4107
268	80.5781217921	50	0.0	-0.085	0.019940	0.035163	641	570	4	4273
269	95.5339054092	90	0.0	-0.085	-0.011678	0.035533	664	561	4	4276
270	120.310385299	130	0.0	-0.085	-0.060767	0.018947	935	589	4	4073
271	113.534843221	90	0.0	-0.085	-0.048280	0.025852	874	605	4	4556
272	151.205693438	130	0.0	-0.085	-0.106740	-0.026333	1125	389	4	4281
273	80.9152520944	50	0.0	-0.085	0.019065	0.034230	648	603	4	4003
274	43.0730091199	50	0.0	-0.085	0.089263	-0.001548	375	397	4	4220
275	130.142895094	130	0.0	-0.085	-0.078095	0.007600	1074	529	4	3978
276	105.598267819	90	0.0	-0.085	-0.032506	0.031437	860	607	4	3824
277	63.1901019025	90	0.0	-0.085	0.055414	0.024654	576	555	4	4030
278	156.955267912	130	0.0	-0.085	-0.112039	-0.037339	1167	369	4	4002
279	71.4004788535	50	0.0	-0.085	0.038521	0.029466	641	571	4	4052
