Trial#	TargetAngle	ArcAngle	XHomePosition(m)	YHomePosition(m)	XTarget(m)	YTarget(m)	XTouch	YTouch	Block#	Time(ms)
139	47.291709001	50	0.0	-0.085	0.079952	0.001618	955	770	1	8570
140	174.704324258	130	0.0	-0.085	-0.113765	-0.074455	957	780	1	3530
141	101.731537049	90	0.0	-0.085	-0.022912	0.025332	687	795	1	68393
142	43.6029404027	50	0.0	-0.085	0.082474	-0.006453	340	646	1	2610
143	143.75861991	90	0.0	-0.085	-0.090936	-0.018344	983	761	1	2330
144	127.986366696	130	0.0	-0.085	-0.071280	0.006279	922	780	1	2290
145	137.629606383	90	0.0	-0.085	-0.083476	-0.008855	950	757	1	2229
146	187.778882435	130	0.0	-0.085	-0.109789	-0.099998	1200	541	1	2350
147	35.6566942947	50	0.0	-0.085	0.093898	-0.017635	329	518	1	2569
148	131.494035137	90	0.0	-0.085	-0.076403	0.001376	923	762	1	3462
149	159.282703891	130	0.0	-0.085	-0.106075	-0.044881	1208	536	1	2269
150	45.6242043581	50	0.0	-0.085	0.081844	-0.001353	310	534	1	2249
151	139.529122436	130	0.0	-0.085	-0.086711	-0.011018	994	777	1	2209
152	119.999945459	90	0.0	-0.085	-0.058079	0.015596	918	771	1	2269
153	53.1236012588	50	0.0	-0.085	0.071927	0.010880	350	600	1	2329
154	94.7582145929	50	0.0	-0.085	-0.009309	0.026836	615	759	1	2229
155	150.909809024	130	0.0	-0.085	-0.097297	-0.030867	1174	619	1	2309
156	135.039951018	90	0.0	-0.085	-0.081086	-0.004027	985	759	1	2309
283	49.7195235023	50	0.0	-0.085	0.076522	0.005294	360	659	2	2290
284	152.508459408	130	0.0	-0.085	-0.100788	-0.032552	1144	632	2	2150
285	63.040931029	90	0.0	-0.085	0.051034	0.015337	600	762	2	2289
286	178.20282486	130	0.0	-0.085	-0.114989	-0.081392	1202	535	2	2450
287	140.616059638	90	0.0	-0.085	-0.088004	-0.012754	974	742	2	2329
288	100.847477446	50	0.0	-0.085	-0.021364	0.026492	682	797	2	2329
289	181.561539096	130	0.0	-0.085	-0.114597	-0.088124	1190	523	2	2409
290	138.286218601	90	0.0	-0.085	-0.084235	-0.009913	944	758	2	2339
291	44.6730471718	50	0.0	-0.085	0.082304	-0.003630	354	611	2	3241
292	98.7171527009	50	0.0	-0.085	-0.017114	0.026617	618	769	2	2629
293	127.801577054	130	0.0	-0.085	-0.069736	0.004898	987	770	2	2269
294	139.611327041	90	0.0	-0.085	-0.086378	-0.011516	983	748	2	2409
295	62.3871100538	50	0.0	-0.085	0.052514	0.015395	499	735	2	2569
296	147.039234262	130	0.0	-0.085	-0.092876	-0.024776	1037	732	2	2449
297	117.633380117	90	0.0	-0.085	-0.052510	0.015300	949	743	2	2609
298	185.671568724	130	0.0	-0.085	-0.116592	-0.096579	1241	565	2	3563
299	133.734568538	90	0.0	-0.085	-0.077960	-0.003518	959	802	2	2845
300	50.8934390705	50	0.0	-0.085	0.070939	0.002270	403	665	2	2369
427	41.14627707	50	0.0	-0.085	0.084558	-0.011115	336	638	3	2389
428	144.43445275	90	0.0	-0.085	-0.091954	-0.019251	972	738	3	2641
429	191.006867791	130	0.0	-0.085	-0.108784	-0.106159	1192	527	3	2409
430	113.401702606	130	0.0	-0.085	-0.044664	0.018204	936	796	3	2349
431	81.4187839693	50	0.0	-0.085	0.016842	0.026610	580	758	3	3823
432	135.553157812	90	0.0	-0.085	-0.080942	-0.005606	933	769	3	2329
433	78.8165903816	90	0.0	-0.085	0.022513	0.028872	649	804	3	3629
434	88.0133434959	50	0.0	-0.085	0.003924	0.028124	583	760	3	2309
435	159.472971729	130	0.0	-0.085	-0.105835	-0.045373	1188	609	3	2805
436	129.315230521	130	0.0	-0.085	-0.073786	0.005100	955	770	3	2509
437	135.134773711	90	0.0	-0.085	-0.081816	-0.003568	939	758	3	2409
438	47.3666316429	50	0.0	-0.085	0.076779	-0.001601	365	650	3	2330
439	90.2103930316	90	0.0	-0.085	-0.000417	0.028560	645	772	3	2309
440	154.783091606	130	0.0	-0.085	-0.101375	-0.037260	1009	738	3	2309
441	79.3301234118	50	0.0	-0.085	0.020943	0.026158	570	755	3	2350
442	135.332736697	90	0.0	-0.085	-0.081401	-0.004539	949	778	3	2289
443	153.249622757	130	0.0	-0.085	-0.100500	-0.034343	1109	663	3	2350
444	47.5540988948	50	0.0	-0.085	0.076216	-0.001667	364	666	3	2369
571	61.5984717402	90	0.0	-0.085	0.055590	0.017805	570	812	4	2510
572	107.787920973	50	0.0	-0.085	-0.035015	0.024138	663	791	4	2329
573	124.478054602	130	0.0	-0.085	-0.064366	0.008730	1003	769	4	2349
574	193.800680551	130	0.0	-0.085	-0.107875	-0.111498	1212	525	4	2449
575	14.2178234886	50	0.0	-0.085	0.115878	-0.055640	304	563	4	2469
576	134.942583344	90	0.0	-0.085	-0.080250	-0.004589	956	792	4	2975
577	175.608358814	130	0.0	-0.085	-0.113504	-0.076283	1215	553	4	3664
578	44.3953849531	50	0.0	-0.085	0.083982	-0.002772	337	598	4	3253
579	135.25899798	90	0.0	-0.085	-0.079999	-0.005721	931	781	4	2269
580	108.644283453	130	0.0	-0.085	-0.035501	0.020220	934	785	4	2209
581	78.5650370556	50	0.0	-0.085	0.022254	0.025021	580	773	4	2289
582	131.687965193	90	0.0	-0.085	-0.074017	-0.001890	969	744	4	2350
583	79.0442043768	90	0.0	-0.085	0.021890	0.028080	612	799	4	2509
584	166.201235861	130	0.0	-0.085	-0.111722	-0.057561	1184	615	4	2430
585	40.8805451604	50	0.0	-0.085	0.085780	-0.010746	338	614	4	2686
586	167.385983874	130	0.0	-0.085	-0.113878	-0.059516	1167	561	4	2490
587	93.8636033544	90	0.0	-0.085	-0.007705	0.029089	633	754	4	2629
588	100.197436479	50	0.0	-0.085	-0.020036	0.026384	634	777	4	2510
