trial	targetangle_deg	arcangle_deg	homex_cm	homey_cm	handx_cm	handy_cm	tapx_cm	tapy_cm	block	time_ms	selected
46	50.684	50	0	0	7.7233	9.4307	2.5556	6.4407	1	5050	1
46	46.997	50	0	0	8.371	8.9758	2.2697	1.9687	1	3392	1
46	48.33	50	0	0	8.1207	9.1241	7.0098	9.9667	1	3589	1
47	105.38	130	0	0	-3.2152	11.69	-4.8999	11.687	1	2745	1
48	80.71	90	0	0	2.0006	12.23	0.17361	12.862	1	2440	1
49	93.046	90	0	0	-0.6536	12.282	-3.6375	11.773	1	13481	1
50	41.363	50	0	0	9.4502	8.3207	9.6776	7.272	1	5395	1
51	131.24	130	0	0	-8.1057	9.2468	-9.7353	6.8993	1	2544	1
52	63.153	50	0	0	5.5728	11.01	4.8899	10.655	1	3262	1
53	77.002	90	0	0	2.7235	11.799	1.579	12.346	1	2964	1
54	133.82	130	0	0	-8.6644	9.0301	-9.3542	6.8133	1	2779	1
55	111	130	0	0	-4.4001	11.464	-5.281	10.425	1	2439	1
56	64.319	50	0	0	5.3478	11.121	5.3424	10.655	1	2299	1
57	81.092	90	0	0	1.8717	11.941	-0.2075	12.518	1	3340	1
58	96.115	90	0	0	-1.3456	12.56	-3.5422	11.371	1	2522	1
59	41.115	50	0	0	9.4568	8.254	10.178	7.014	1	2228	1
60	130.83	130	0	0	-8.0284	9.2902	-9.8067	6.6413	1	2299	1
61	109.91	130	0	0	-4.1099	11.348	-6.4482	10.913	1	2079	1
62	69.657	50	0	0	4.3358	11.694	3.5798	11.314	1	2059	1
63	99.683	90	0	0	-2.1073	12.351	-3.4231	12.031	1	2020	1
118	133.28	130	0	0	-8.3653	8.882	-9.8306	6.4693	2	2625	1
119	44.42	50	0	0	8.5779	8.4061	9.1059	8.5333	2	2199	1
120	92.785	90	0	0	-0.6067	12.473	-1.065	13.063	2	2065	1
121	57.242	50	0	0	6.6345	10.311	7.8435	9.3073	2	2119	1
122	98.689	90	0	0	-1.8267	11.953	-2.9706	12.547	2	1979	1
123	132.96	130	0	0	-8.7697	9.4184	-9.9497	6.9853	2	2063	1
124	88.918	90	0	0	0.2316	12.26	-2.4704	12.489	2	2244	1
125	45.846	50	0	0	8.8803	9.1466	9.2726	7.616	2	2262	1
126	112.78	130	0	0	-4.8	11.429	-5.948	10.425	2	2044	1
127	119.28	130	0	0	-6.0711	10.826	-9.378	9.8233	2	2259	1
128	85.367	90	0	0	1.021	12.599	-0.73153	12.547	2	2246	1
129	50.545	50	0	0	7.9406	9.6483	9.3441	7.014	2	2423	1
130	72.085	50	0	0	3.7302	11.539	2.8652	11.314	2	2308	1
131	124.64	130	0	0	-7.1299	10.321	-9.2589	7.186	2	2099	1
132	97.036	90	0	0	-1.4801	11.992	-3.4231	12.317	2	2023	1
133	68.955	50	0	0	4.5872	11.922	4.0324	11.257	2	2100	1
134	124.92	130	0	0	-7.2732	10.42	-9.0922	7.9887	2	2039	1
135	86.78	90	0	0	0.714	12.69	-2.2083	12.403	2	1999	1
190	82.867	90	0	0	1.4915	11.918	1.4599	11.486	3	4280	1
191	49.637	50	0	0	7.8276	9.2093	9.487	7.788	3	2179	1
192	139.72	130	0	0	-9.4793	8.0335	-9.7829	7.3007	3	2019	1
193	75.85	50	0	0	3.0096	11.938	4.0324	11.257	3	2079	1
194	119.55	130	0	0	-6.0061	10.594	-7.925	10.511	3	1899	1
195	89.906	90	0	0	0.0206	12.526	-0.13604	12.088	3	2059	1
196	56.692	50	0	0	6.7839	10.324	7.772	8.3613	3	4444	1
197	104.02	90	0	0	-3.0409	12.182	-3.3755	10.999	3	2079	1
198	118.89	130	0	0	-6.0955	11.046	-7.663	8.648	3	2159	1
199	57.352	50	0	0	6.8667	10.717	7.7006	9.1353	3	2339	1
200	75.836	90	0	0	2.9988	11.883	1.8886	11.83	3	2224	1
201	135.92	130	0	0	-8.9021	8.6193	-10.164	7.3007	3	1959	1
202	72.63	50	0	0	3.8047	12.163	4.1276	11.085	3	2139	1
203	102.68	90	0	0	-2.72	12.09	-3.7328	11.572	3	2019	1
204	102.2	130	0	0	-2.5699	11.889	-4.5426	11.715	3	2119	1
205	105.53	90	0	0	-3.3235	11.961	-3.6613	11.515	3	2160	1
206	47.568	50	0	0	8.3476	9.1314	10.345	6.9853	3	2020	1
207	123.83	130	0	0	-6.8518	10.224	-7.9488	7.96	3	2100	1
262	53.187	50	0	0	7.3054	9.7608	8.1531	8.9633	4	7632	1
263	88.537	90	0	0	0.3079	12.056	-0.4457	12.346	4	2364	1
264	131.79	130	0	0	-8.2775	9.2625	-10.021	7.358	4	2190	1
265	134.44	130	0	0	-8.4715	8.6389	-10.521	6.9853	4	2194	1
266	72.145	50	0	0	3.9184	12.164	3.9371	11.429	4	2438	1
267	94.976	90	0	0	-1.0865	12.48	-3.0182	11.457	4	2519	1
268	53.849	50	0	0	7.3134	10.01	7.2242	10.053	4	2402	1
269	125.12	130	0	0	-7.2981	10.378	-9.4256	8.1893	4	1979	1
270	87.866	90	0	0	0.462	12.397	-0.73153	12.719	4	2019	1
271	102.35	130	0	0	-2.7024	12.345	-5.686	11.314	4	2139	1
272	60.278	50	0	0	6.3789	11.173	5.5568	10.569	4	2099	1
273	76.106	90	0	0	2.9694	12.004	2.1744	12.289	4	2239	1
274	67.6	50	0	0	4.6477	11.276	4.4373	10.913	4	2119	1
275	96.705	90	0	0	-1.4661	12.472	-3.2326	12.145	4	2039	1
276	122.29	130	0	0	-6.6517	10.526	-8.7349	8.3613	4	1939	1
277	101.82	130	0	0	-2.5344	12.111	-5.2334	10.97	4	1984	1
278	72.745	90	0	0	3.7415	12.046	2.1744	11.343	4	2080	1
279	59.979	50	0	0	6.1519	10.646	5.6997	10.196	4	2040	1
