trial	targetangle_deg	arcangle_deg	homex_cm	homey_cm	handx_cm	handy_cm	tapx_cm	tapy_cm	block	time_ms	selected
91	86.712	50	0	0	0.6929	12.062	4.2448	11.404	1	5339	1
92	149.18	130	0	0	-10.35	6.1743	-5.6165	9.9133	1	4281	1
93	130.39	90	0	0	-7.9142	9.3009	0.14784	11.805	1	4099	0
94	138.78	130	0	0	-9.0682	7.9447	-6.8551	9.512	1	3089	1
95	51.36	50	0	0	7.6082	9.517	7.5319	9.426	1	2870	1
96	83.378	90	0	0	1.4047	12.1	3.292	10.888	1	2866	1
97	69.515	90	0	0	4.2021	11.248	4.2924	11.92	1	2695	1
98	82.298	50	0	0	1.6492	12.194	3.9828	12.207	1	4119	1
99	112.33	130	0	0	-4.6114	11.226	-3.7824	11.949	1	2634	1
100	17.589	50	0	0	11.648	3.6927	10.081	5.986	1	2471	1
101	123.59	90	0	0	-6.6957	10.081	-5.3306	9.9993	1	2603	1
102	164.54	130	0	0	-11.602	3.2093	-11.262	4.352	1	2529	1
103	66.147	90	0	0	5.0113	11.334	5.5072	10.057	1	2573	1
104	112.57	130	0	0	-4.6969	11.299	-4.0206	12.35	1	2453	1
105	20.43	50	0	0	11.317	4.2154	10.081	4.954	1	2229	0
106	165.44	130	0	0	-11.778	3.0595	-12.072	4.8393	1	2469	1
107	45.557	50	0	0	8.5527	8.7206	7.8415	10.515	1	2409	0
108	102.06	90	0	0	-2.5163	11.78	0.40986	13.239	1	2329	1
235	78.594	50	0	0	2.3762	11.778	3.1729	11.576	2	4793	1
236	169.53	130	0	0	-12.019	2.2202	-10.571	5.0113	2	2653	1
237	103.77	90	0	0	-2.8693	11.709	-1.1622	11.863	2	2565	1
238	135.48	130	0	0	-8.59	8.4477	-6.2358	10.745	2	2423	1
239	33.989	50	0	0	10.027	6.7603	10.795	7.0467	2	2429	1
240	97.559	90	0	0	-1.6154	12.174	-2.2341	11.519	2	2489	1
241	12.897	50	0	0	11.979	2.7427	11.367	4.352	2	2584	1
242	132.6	130	0	0	-8.1457	8.857	-7.2362	8.8813	2	2506	1
243	73.077	90	0	0	3.5147	11.552	3.1015	10.831	2	2376	1
244	26.436	50	0	0	10.774	5.357	10.319	7.0467	2	2269	1
245	152.41	130	0	0	-10.818	5.654	-10.809	5.728	2	2650	1
246	108.3	90	0	0	-3.7859	11.449	-1.5195	11.949	2	1989	1
247	99.038	130	0	0	-1.915	12.04	-2.6152	11.547	2	2269	1
248	35.895	50	0	0	9.9636	7.2111	9.1278	7.964	2	2309	1
249	116.23	90	0	0	-5.4258	11.013	-2.1865	11.92	2	2190	1
250	131.8	90	0	0	-8.118	9.0802	-6.5216	10.773	2	2290	1
251	112.05	130	0	0	-4.5365	11.201	-3.4489	11.547	2	2413	1
252	40.631	50	0	0	9.3347	8.0096	7.5557	9.082	2	2369	1
379	145.01	130	0	0	-10.142	7.0992	-11	5.0687	3	3609	0
380	115.67	90	0	0	-5.2105	10.841	-1.9006	10.171	3	3033	1
381	86.17	50	0	0	0.8194	12.239	1.7437	11.203	3	2660	1
382	137.54	90	0	0	-9.0816	8.3113	-5.9738	10.487	3	2309	1
383	114.9	130	0	0	-5.2489	11.308	-4.2349	11.949	3	2349	1
384	42.785	50	0	0	8.9429	8.2768	7.9368	7.9927	3	2149	1
385	73.922	90	0	0	3.3641	11.672	2.4822	10.544	3	2462	1
386	151.23	130	0	0	-10.78	5.9191	-10.404	6.7313	3	2181	1
387	81.173	50	0	0	1.8963	12.211	4.221	11.261	3	2350	1
388	126.09	130	0	0	-7.3064	10.022	-7.6888	11.203	3	2149	1
389	72.459	90	0	0	3.7203	11.77	3.2444	10.487	3	2469	1
390	29.81	50	0	0	10.709	6.1355	9.2945	7.706	3	2759	1
391	121.75	130	0	0	-6.5531	10.591	-4.8781	11.289	3	2361	1
392	82.476	90	0	0	1.6233	12.29	2.506	12.063	3	2587	1
393	28.553	50	0	0	10.757	5.8533	8.0559	8.8813	3	2857	1
394	66.069	90	0	0	5.0155	11.302	2.8633	12.551	3	2393	1
395	57.76	50	0	0	6.5735	10.422	5.9598	9.9133	3	2349	1
396	138.49	130	0	0	-9.1543	8.1005	-6.8789	9.4833	3	2249	1
523	80.524	50	0	0	2.0203	12.104	3.4587	11.662	4	3649	1
524	134.24	130	0	0	-8.3859	8.6123	-3.7824	10.773	4	2560	1
525	99.557	90	0	0	-2.0035	11.9	1.0292	10.945	4	2498	1
526	37.849	50	0	0	9.7448	7.5722	9.4374	8.05	4	2389	1
527	112.65	90	0	0	-4.647	11.135	-2.901	10.315	4	2444	1
528	105.6	130	0	0	-3.2673	11.703	-3.3774	10.917	4	2390	1
529	96.654	130	0	0	-1.4071	12.062	-3.7585	11.117	4	2211	1
530	58.129	90	0	0	6.5917	10.602	3.0538	10.831	4	2350	1
531	24.354	50	0	0	11.16	5.0516	9.8424	6.7887	4	2449	1
532	65.803	50	0	0	4.9869	11.098	5.3167	10.257	4	2290	1
533	89.227	90	0	0	0.1638	12.139	1.1721	11.375	4	2329	1
534	180.06	130	0	0	-12.008	-0.0125	-10.904	6.158	4	2689	0
535	60.591	90	0	0	6.1102	10.84	5.0785	10.028	4	2369	1
536	132.98	130	0	0	-8.3389	8.9499	-5.4259	9.6553	4	2349	1
537	51.508	50	0	0	7.7789	9.7822	6.5553	9.426	4	2369	1
538	118.48	90	0	0	-5.8162	10.723	-5.6403	10.974	4	2489	1
539	113.15	130	0	0	-4.8421	11.323	-5.3068	11.146	4	2329	1
540	56.245	50	0	0	6.8426	10.239	5.9598	10.315	4	2882	1
