Trial#	TargetAngle	ArcAngle	XHomePosition(m)	YHomePosition(m)	XTarget(m)	YTarget(m)	XTouch	YTouch	Block#	Time(ms)
91	86.7123463245	50	0.0	-0.085	0.006929	0.035623	525	792	1	5339
92	149.18275423	130	0.0	-0.085	-0.103504	-0.023257	939	740	1	4281
93	130.394689478	90	0.0	-0.085	-0.079142	0.008009	697	806	1	4099
94	138.778219851	130	0.0	-0.085	-0.090682	-0.005553	991	726	1	3089
95	51.3600203745	50	0.0	-0.085	0.076082	0.010170	387	723	1	2870
96	83.3782853228	90	0.0	-0.085	0.014047	0.036003	565	774	1	2866
97	69.5148278299	90	0.0	-0.085	0.042021	0.027479	523	810	1	2695
98	82.2976003757	50	0.0	-0.085	0.016492	0.036939	536	820	1	4119
99	112.33252447	130	0.0	-0.085	-0.046114	0.027256	862	811	1	2634
100	17.5894594014	50	0.0	-0.085	0.116483	-0.048073	280	603	1	2471
101	123.591979321	90	0.0	-0.085	-0.066957	0.015809	927	743	1	2603
102	164.538079518	130	0.0	-0.085	-0.116023	-0.052907	1176	546	1	2529
103	66.1465659487	90	0.0	-0.085	0.050113	0.028335	472	745	1	2573
104	112.571709104	130	0.0	-0.085	-0.046969	0.027993	872	825	1	2453
105	20.4298821611	50	0.0	-0.085	0.113168	-0.042846	280	567	1	2229
106	165.438451925	130	0.0	-0.085	-0.117780	-0.054405	1210	563	1	2469
107	45.5569091272	50	0.0	-0.085	0.085527	0.002206	374	761	1	2409
108	102.057417359	90	0.0	-0.085	-0.025163	0.032802	686	856	1	2329
235	78.593648334	50	0.0	-0.085	0.023762	0.032779	570	798	2	4793
236	169.534403196	130	0.0	-0.085	-0.120194	-0.062798	1147	569	2	2653
237	103.769499793	90	0.0	-0.085	-0.028693	0.032086	752	808	2	2565
238	135.478527023	130	0.0	-0.085	-0.085900	-0.000523	965	769	2	2423
239	33.9887582144	50	0.0	-0.085	0.100268	-0.017397	250	640	2	2429
240	97.5588784677	90	0.0	-0.085	-0.016154	0.036735	797	796	2	2489
241	12.8965203027	50	0.0	-0.085	0.119786	-0.057573	226	546	2	2584
242	132.604454721	130	0.0	-0.085	-0.081457	0.003570	1007	704	2	2506
243	73.0774606546	90	0.0	-0.085	0.035147	0.030519	573	772	2	2376
244	26.4364298661	50	0.0	-0.085	0.107744	-0.031430	270	640	2	2269
245	152.406079312	130	0.0	-0.085	-0.108179	-0.028460	1157	594	2	2650
246	108.297917382	90	0.0	-0.085	-0.037859	0.029489	767	811	2	1989
247	99.0375945753	130	0.0	-0.085	-0.019150	0.035397	813	797	2	2269
248	35.894930021	50	0.0	-0.085	0.099636	-0.012889	320	672	2	2309
249	116.228603	90	0.0	-0.085	-0.054258	0.025128	795	810	2	2190
250	131.797770396	90	0.0	-0.085	-0.081180	0.005802	977	770	2	2290
251	112.048542913	130	0.0	-0.085	-0.045365	0.027009	848	797	2	2413
252	40.6311044844	50	0.0	-0.085	0.093347	-0.004904	386	711	2	2369
379	145.00741105	130	0.0	-0.085	-0.101415	-0.014008	1165	571	3	3609
380	115.669674453	90	0.0	-0.085	-0.052105	0.023413	783	749	3	3033
381	86.1697059851	50	0.0	-0.085	0.008194	0.037388	630	785	3	2660
382	137.53586905	90	0.0	-0.085	-0.090816	-0.001887	954	760	3	2309
383	114.899200984	130	0.0	-0.085	-0.052489	0.028082	881	811	3	2349
384	42.7847639552	50	0.0	-0.085	0.089429	-0.002232	370	673	3	2149
385	73.9223697982	90	0.0	-0.085	0.033641	0.031723	599	762	3	2462
386	151.230741185	130	0.0	-0.085	-0.107805	-0.025809	1140	629	3	2181
387	81.1726529369	50	0.0	-0.085	0.018963	0.037108	526	787	3	2350
388	126.093128174	130	0.0	-0.085	-0.073064	0.015221	1026	785	3	2149
389	72.4592663527	90	0.0	-0.085	0.037203	0.032701	567	760	3	2469
390	29.8098904546	50	0.0	-0.085	0.107089	-0.023645	313	663	3	2759
391	121.74562234	130	0.0	-0.085	-0.065531	0.020915	908	788	3	2361
392	82.4760585309	90	0.0	-0.085	0.016233	0.037905	598	815	3	2587
393	28.553217078	50	0.0	-0.085	0.107566	-0.026467	365	704	3	2857
394	66.069175429	90	0.0	-0.085	0.050155	0.028017	583	832	3	2393
395	57.7597587364	50	0.0	-0.085	0.065735	0.019223	453	740	3	2349
396	138.494876312	130	0.0	-0.085	-0.091543	-0.003995	992	725	3	2249
523	80.5243991206	50	0.0	-0.085	0.020203	0.036045	558	801	4	3649
524	134.23691935	130	0.0	-0.085	-0.083859	0.001123	862	770	4	2560
525	99.5566121366	90	0.0	-0.085	-0.020035	0.034002	660	776	4	2498
526	37.8490046386	50	0.0	-0.085	0.097448	-0.009278	307	675	4	2389
527	112.651643213	90	0.0	-0.085	-0.046470	0.026354	825	754	4	2444
528	105.599433942	130	0.0	-0.085	-0.032673	0.032026	845	775	4	2390
529	96.6540735572	130	0.0	-0.085	-0.014071	0.035615	861	782	4	2211
530	58.1288392597	90	0.0	-0.085	0.065917	0.021019	575	772	4	2350
531	24.3541888118	50	0.0	-0.085	0.111599	-0.034484	290	631	4	2449
532	65.8025950029	50	0.0	-0.085	0.049869	0.025977	480	752	4	2290
533	89.2269468113	90	0.0	-0.085	0.001638	0.036395	654	791	4	2329
534	180.059642823	130	0.0	-0.085	-0.120081	-0.085125	1161	609	4	2689
535	60.5906010834	90	0.0	-0.085	0.061102	0.023397	490	744	4	2369
536	132.975963766	130	0.0	-0.085	-0.083389	0.004499	931	731	4	2349
537	51.5079405042	50	0.0	-0.085	0.077789	0.012822	428	723	4	2369
538	118.476484939	90	0.0	-0.085	-0.058162	0.022226	940	777	4	2489
539	113.152650976	130	0.0	-0.085	-0.048421	0.028233	926	783	4	2329
540	56.2448959537	50	0.0	-0.085	0.068426	0.017387	453	754	4	2882
