trial	targetangle_deg	arcangle_deg	homex_cm	homey_cm	handx_cm	handy_cm	tapx_cm	tapy_cm	block	time_ms	selected
91	73.488	50	0	0	3.4588	11.668	6.6049	11.429	1	7305	1
92	143.17	130	0	0	-9.8178	7.3526	-8.449	8.734	1	3448	1
93	103.77	90	0	0	-2.9233	11.931	-0.85063	12.948	1	3224	1
94	98.975	90	0	0	-1.8866	11.945	0.55472	13.034	1	3382	1
95	139.82	130	0	0	-9.1768	7.7492	-8.8778	7.9313	1	3212	1
96	61.361	50	0	0	5.7864	10.596	9.8205	9.3933	1	3516	1
97	59.446	50	0	0	6.1021	10.337	9.9634	9.1353	1	3600	1
98	139.04	130	0	0	-9.1315	7.926	-7.8535	9.5653	1	3293	1
99	94.296	90	0	0	-0.9049	12.046	0.55472	13.579	1	3429	1
100	58.67	50	0	0	6.3786	10.478	9.1059	9.078	1	3425	1
101	144.83	130	0	0	-9.9718	7.0253	-8.5681	7.53	1	3287	1
102	79.717	90	0	0	2.1829	12.032	4.4135	12.633	1	3095	1
103	94.724	50	0	0	-1.0004	12.105	3.151	13.034	1	3249	1
104	114.81	90	0	0	-5.0918	11.013	-3.9948	12.805	1	3000	1
105	131.54	130	0	0	-7.9648	8.9896	-8.3776	9.4793	1	2950	1
106	64.521	50	0	0	5.166	10.841	7.9626	11.457	1	2749	1
107	134.24	130	0	0	-8.489	8.7184	-8.2347	9.5367	1	2769	1
108	78.181	90	0	0	2.5008	11.951	3.8418	13.206	1	2809	1
235	106.18	90	0	0	-3.3443	11.53	-1.3747	12.633	2	3729	1
236	139.35	130	0	0	-9.4392	8.1042	-7.925	9.3073	2	3305	1
237	71.478	50	0	0	3.9292	11.728	8.6533	9.7947	2	3309	1
238	127.07	130	0	0	-7.4991	9.9248	-7.1866	9.8233	2	2929	1
239	88.992	90	0	0	0.2141	12.162	1.579	13.493	2	3089	1
240	51.654	50	0	0	7.4604	9.4308	10.178	8.0173	2	2939	1
241	72.011	50	0	0	3.746	11.537	6.3905	11.285	2	3233	1
242	107.3	90	0	0	-3.6126	11.599	-2.7562	13.321	2	3005	1
243	109.63	130	0	0	-4.189	11.745	-4.4474	12.719	2	2849	1
244	60.86	50	0	0	6.0751	10.897	8.2008	10.454	2	2855	1
245	129.84	130	0	0	-7.7488	9.287	-6.9008	10.741	2	2789	1
246	88.262	90	0	0	0.3763	12.4	2.9605	13.321	2	2835	1
247	136.85	130	0	0	-8.8384	8.284	-7.7344	9.594	2	2769	1
248	65.437	50	0	0	5.0923	11.141	9.1774	9.6227	2	4111	1
249	103.31	90	0	0	-2.844	12.021	-1.5176	12.661	2	2915	1
250	96.259	90	0	0	-1.3238	12.069	0.72146	13.12	2	2823	1
251	51.095	50	0	0	7.6661	9.4989	10.797	9.2787	2	2782	1
252	129.21	130	0	0	-7.8398	9.6108	-6.996	10.712	2	2770	1
379	156.15	130	0	0	-11.295	4.9925	-9.1398	7.0713	3	3429	1
380	68.577	50	0	0	4.4449	11.329	8.0578	10.454	3	3025	1
381	106.1	90	0	0	-3.3799	11.709	0.054511	12.891	3	2989	1
382	77.473	50	0	0	2.6386	11.876	6.0808	12.002	3	3009	1
383	96.96	90	0	0	-1.4928	12.229	0.29271	13.579	3	2789	1
384	120.14	130	0	0	-6.0857	10.481	-5.7336	11.945	3	3029	1
385	68.889	50	0	0	4.3694	11.317	5.533	12.002	3	2909	1
386	82.866	90	0	0	1.5116	12.077	3.6751	13.091	3	3191	1
387	111.71	130	0	0	-4.4497	11.175	-4.9476	11.4	3	3379	1
388	109.3	130	0	0	-4.0201	11.477	-3.8995	11.572	3	2849	1
389	70.808	50	0	0	3.985	11.449	5.6044	12.088	3	3189	1
390	85.345	90	0	0	0.9894	12.151	0.17361	13.349	3	2981	1
391	53.667	50	0	0	7.321	9.9544	8.963	8.7913	3	3070	1
392	90.433	90	0	0	-0.0909	12.023	0.19743	13.636	3	3070	1
393	132.11	130	0	0	-8.2613	9.1389	-8.6158	8.82	3	2910	1
394	91.594	90	0	0	-0.3397	12.205	-0.23132	13.55	3	2640	1
395	53.203	50	0	0	7.3961	9.8876	10.154	8.132	3	2954	1
396	118.74	130	0	0	-5.9303	10.816	-5.9956	12.002	3	2862	1
523	76.742	50	0	0	2.7937	11.857	6.1047	12.174	4	4134	1
524	107.06	90	0	0	-3.5451	11.55	-2.1607	12.833	4	3094	1
525	126.45	130	0	0	-7.4132	10.038	-6.1624	11.371	4	2949	1
526	68.684	50	0	0	4.3851	11.238	6.4143	11.744	4	2809	1
527	96.109	90	0	0	-1.2779	11.939	-1.0174	13.235	4	2709	1
528	122.01	130	0	0	-6.4026	10.243	-7.2104	10.454	4	2789	1
529	53.77	50	0	0	7.1502	9.7589	8.5104	9.9667	4	2754	1
530	87.073	90	0	0	0.6256	12.236	-0.040767	13.607	4	3029	1
531	133.43	130	0	0	-8.4388	8.9133	-7.9965	9.508	4	2769	1
532	80.944	90	0	0	1.9475	12.219	1.9362	13.521	4	2949	1
533	53.671	50	0	0	7.2973	9.9234	7.51	10.999	4	3029	1
534	126.22	130	0	0	-7.1482	9.7586	-8.2347	9.1353	4	2749	1
535	124.94	130	0	0	-6.9742	9.9816	-8.0203	9.5653	4	2909	1
536	55.639	50	0	0	6.936	10.145	8.8201	10.368	4	2869	1
537	89.306	90	0	0	0.1482	12.24	-0.13604	13.292	4	2890	1
538	79.86	50	0	0	2.1326	11.924	3.4845	12.489	4	3050	1
539	111.61	130	0	0	-4.4304	11.184	-4.7094	11.83	4	2991	1
540	86.557	90	0	0	0.7291	12.118	1.6266	13.292	4	2869	1
