trial	targetangle_deg	arcangle_deg	homex_cm	homey_cm	handx_cm	handy_cm	tapx_cm	tapy_cm	block	time_ms	selected
46	56.535	50	0	0	6.6791	10.104	5.28	11.347	1	5989	1
47	94.553	90	0	0	-0.9566	12.014	-1.9611	12.551	1	5009	1
48	150.51	130	0	0	-10.521	5.949	-10.608	6.502	1	5609	1
49	68.796	90	0	0	4.3452	11.2	3.4459	12.379	1	3647	1
50	67.548	50	0	0	4.6219	11.185	4.0414	11.662	1	3815	1
51	128.96	130	0	0	-7.5621	9.3521	-7.2252	11.06	1	4478	1
52	61.984	50	0	0	5.6888	10.692	4.8751	12.035	1	3953	1
53	98.2	130	0	0	-1.7187	11.927	-2.5328	12.436	1	4369	1
54	111.94	90	0	0	-4.4887	11.143	-5.1529	11.977	1	3549	1
55	57.982	50	0	0	6.4306	10.284	5.7802	10.802	1	3109	1
56	109.06	90	0	0	-3.9446	11.414	-4.2478	11.633	1	3690	1
57	110.62	130	0	0	-4.2365	11.26	-4.8194	11.633	1	3605	1
58	43.493	50	0	0	8.8048	8.3533	8.5433	8.48	1	3929	1
59	110.85	130	0	0	-4.2856	11.254	-4.1287	11.977	1	3999	1
60	110.97	90	0	0	-4.3212	11.272	-3.9619	12.035	1	3849	1
61	92.305	90	0	0	-0.486	12.076	-1.4133	12.522	1	3794	1
62	105.4	130	0	0	-3.2211	11.691	-10.226	7.0467	1	3973	0
63	71.951	50	0	0	3.7415	11.482	4.4463	11.318	1	3685	1
118	54.179	50	0	0	7.0937	9.828	6.3995	10.745	2	3805	1
119	110.13	90	0	0	-4.16	11.348	-3.7714	11.318	2	3449	1
120	114.88	130	0	0	-5.0488	10.889	-3.8667	12.809	2	3143	1
121	58.703	50	0	0	6.2979	10.359	6.9474	10.171	2	3089	1
122	117.6	130	0	0	-5.5846	10.682	-4.1287	12.121	2	3129	1
123	127.92	90	0	0	-7.3758	9.4679	-4.0572	11.605	2	3229	1
124	73.708	90	0	0	3.397	11.623	3.6603	11.633	2	3429	1
125	61.934	50	0	0	5.7048	10.7	5.3276	11.433	2	3249	1
126	140.98	130	0	0	-9.3809	7.6015	-8.6306	8.136	2	3709	1
127	58.813	50	0	0	6.2321	10.296	5.1371	10.745	2	3145	1
128	107.95	90	0	0	-3.7085	11.444	-2.8663	11.748	2	3563	1
129	125.34	130	0	0	-6.9922	9.8608	-4.8909	11.519	2	3150	1
130	72.84	90	0	0	3.5558	11.516	4.1843	11.719	2	3129	1
131	67.542	50	0	0	4.6139	11.162	4.2319	12.264	2	3230	1
132	120.8	130	0	0	-6.215	10.424	-4.8909	11.519	2	3089	1
133	153.36	130	0	0	-10.89	5.4632	-9.5357	6.932	2	3069	1
134	75.911	90	0	0	2.9427	11.725	3.0648	11.49	2	2949	1
135	71.194	50	0	0	3.9058	11.469	4.2796	11.461	2	3261	1
190	109.49	90	0	0	-4.0444	11.43	-2.3899	12.407	3	3821	1
191	149.48	130	0	0	-10.374	6.1157	-9.5119	7.018	3	3447	1
192	46.402	50	0	0	8.2791	8.6944	9.1626	8.0213	3	3928	1
193	128.64	130	0	0	-7.5589	9.4549	-5.7484	11.146	3	3409	1
194	55.646	50	0	0	6.8315	9.9944	6.1851	10.057	3	3559	1
195	100.06	90	0	0	-2.0975	11.829	-0.60341	12.579	3	3986	1
196	117.58	90	0	0	-5.5618	10.649	-4.1763	12.092	3	3328	1
197	40.602	50	0	0	9.218	7.9014	9.2578	6.9033	3	3648	1
198	108.74	130	0	0	-3.8627	11.383	-2.5804	11.49	3	3800	1
199	152.05	130	0	0	-10.708	5.6806	-9.7263	6.244	3	3469	1
200	75.164	90	0	0	3.081	11.632	3.4697	11.691	3	3582	1
201	68.35	50	0	0	4.4407	11.188	4.1843	10.745	3	3268	1
202	31.508	50	0	0	10.354	6.3472	10.211	5.5273	3	3432	1
203	119.08	130	0	0	-5.8697	10.556	-3.5808	10.859	3	3836	1
204	112.81	90	0	0	-4.6772	11.122	-3.9143	11.605	3	3312	1
205	74.973	90	0	0	3.1688	11.804	3.6841	11.461	3	3275	1
206	125.96	130	0	0	-7.086	9.7674	-4.0572	11.232	3	3209	1
207	48.168	50	0	0	8.082	9.0291	9.5913	7.0753	3	3050	1
262	108.23	90	0	0	-3.7646	11.428	-2.4851	12.264	4	4890	1
263	140.57	130	0	0	-9.2976	7.6444	-8.6544	8.5373	4	3269	1
264	49.542	50	0	0	7.8804	9.2406	8.6862	8.7953	4	2889	1
265	69.962	50	0	0	4.125	11.31	5.1371	11.203	4	3080	1
266	142.45	130	0	0	-9.5979	7.3778	-8.3685	9.34	4	3449	1
267	111.63	90	0	0	-4.4477	11.217	-3.1283	12.092	4	3189	1
268	115.73	130	0	0	-5.2429	10.879	-3.5808	11.748	4	3150	1
269	35.781	50	0	0	9.858	7.1048	10.377	5.8427	4	3129	1
270	78.282	90	0	0	2.4387	11.758	4.1128	11.92	4	3049	1
271	123.32	90	0	0	-6.6228	10.073	-4.5336	11.92	4	3089	1
272	64.634	50	0	0	5.219	11.008	5.5658	11.06	4	3250	1
273	149.98	130	0	0	-10.411	6.0147	-9.7024	6.7313	4	3329	1
274	84.521	90	0	0	1.1514	12.004	3.4697	11.92	4	3159	1
275	46.607	50	0	0	8.2715	8.7491	9.234	6.4733	4	3261	1
276	122.72	130	0	0	-6.5337	10.171	-4.4383	11.805	4	3269	1
277	150.34	130	0	0	-10.49	5.9739	-9.4166	7.878	4	3329	1
278	62.473	50	0	0	5.5979	10.741	5.2085	11.576	4	3438	1
279	68.592	90	0	0	4.435	11.312	4.5654	10.859	4	3609	1
