Trial#	TargetAngle	ArcAngle	XHomePosition(m)	YHomePosition(m)	XTarget(m)	YTarget(m)	XTouch	YTouch	Block#	Time(ms)
91	141.365141032	130	0.0	-0.085	-0.094413	-0.009537	1177	497	1	4813
92	49.2995724924	50	0.0	-0.085	0.079144	0.007012	473	532	1	2769
93	105.285468437	90	0.0	-0.085	-0.032214	0.032872	872	660	1	2829
94	104.931994446	90	0.0	-0.085	-0.031301	0.032374	946	626	1	2629
95	144.659527822	130	0.0	-0.085	-0.098687	-0.015021	1188	496	1	2549
96	57.0865106407	50	0.0	-0.085	0.066749	0.018125	520	598	1	2428
97	101.908442824	90	0.0	-0.085	-0.024806	0.032627	900	664	1	2310
98	138.196723127	130	0.0	-0.085	-0.091631	-0.003063	1164	547	1	2469
99	52.0605996826	50	0.0	-0.085	0.076453	0.013069	499	576	1	2369
100	102.435667095	90	0.0	-0.085	-0.026294	0.034238	898	675	1	2579
101	47.6523241743	50	0.0	-0.085	0.082007	0.004974	485	572	1	2448
102	139.109592771	130	0.0	-0.085	-0.091194	-0.006032	1146	539	1	2369
103	118.734694782	130	0.0	-0.085	-0.057739	0.020311	1001	621	1	2269
104	91.0537718044	90	0.0	-0.085	-0.002227	0.036073	808	667	1	2309
105	47.4710539844	50	0.0	-0.085	0.082825	0.005296	467	542	1	2409
106	138.790862303	130	0.0	-0.085	-0.091186	-0.005147	1154	549	1	2369
107	60.8944423805	50	0.0	-0.085	0.059873	0.022546	552	603	1	2209
108	95.4801402615	90	0.0	-0.085	-0.011657	0.036504	873	650	1	2369
235	105.76734323	90	0.0	-0.085	-0.032910	0.031555	853	695	2	3046
236	50.5696468192	50	0.0	-0.085	0.076643	0.008206	476	580	2	2449
237	147.258816467	130	0.0	-0.085	-0.103046	-0.018741	1159	485	2	2409
238	56.0594335321	50	0.0	-0.085	0.070626	0.019942	462	573	2	2349
239	108.335602567	90	0.0	-0.085	-0.038325	0.030643	881	698	2	2429
240	137.667656083	130	0.0	-0.085	-0.089524	-0.003447	1065	631	2	2349
241	94.2421441285	90	0.0	-0.085	-0.009067	0.037238	751	686	2	2329
242	64.4681332407	50	0.0	-0.085	0.052295	0.024482	592	640	2	2249
243	127.240904737	130	0.0	-0.085	-0.075122	0.013823	1036	620	2	2369
244	87.0944102822	90	0.0	-0.085	0.006089	0.034967	771	682	2	2328
245	56.9569103429	50	0.0	-0.085	0.068613	0.020481	598	628	2	2449
246	113.540022157	130	0.0	-0.085	-0.048552	0.026449	1024	637	2	2189
247	128.199478398	130	0.0	-0.085	-0.076537	0.012263	1053	665	2	2330
248	91.7635356673	90	0.0	-0.085	-0.003719	0.035789	792	675	2	2388
249	57.7379990232	50	0.0	-0.085	0.064341	0.016927	567	630	2	2369
250	141.666385779	130	0.0	-0.085	-0.095712	-0.009320	1072	597	2	2290
251	92.0404379364	90	0.0	-0.085	-0.004292	0.035469	777	666	2	2309
252	56.2322653584	50	0.0	-0.085	0.066870	0.015011	495	614	2	2448
379	60.9598614252	50	0.0	-0.085	0.059946	0.022967	612	596	3	2750
380	95.5962439312	90	0.0	-0.085	-0.011941	0.036866	813	641	3	2349
381	136.845488253	130	0.0	-0.085	-0.089812	-0.000795	1140	554	3	2269
382	87.2387788852	90	0.0	-0.085	0.005878	0.036875	710	655	3	2709
383	44.889392392	50	0.0	-0.085	0.089010	0.003667	475	557	3	2209
384	142.667059746	130	0.0	-0.085	-0.096125	-0.011685	1087	597	3	2189
385	91.2902058742	90	0.0	-0.085	-0.002705	0.035104	706	617	3	2229
386	126.250191779	130	0.0	-0.085	-0.071937	0.013109	1000	625	3	2249
387	54.7154141887	50	0.0	-0.085	0.070322	0.014376	545	604	3	2309
388	138.372318697	130	0.0	-0.085	-0.090463	-0.004605	1031	619	3	2249
389	71.3217860996	50	0.0	-0.085	0.039667	0.032338	609	615	3	2189
390	102.84121803	90	0.0	-0.085	-0.026929	0.033135	838	648	3	2269
391	96.9033634581	90	0.0	-0.085	-0.014648	0.035985	804	719	3	2089
392	45.5007918412	50	0.0	-0.085	0.086700	0.003229	471	520	3	2328
393	124.809072671	130	0.0	-0.085	-0.069891	0.015526	972	645	3	2110
394	48.1180116814	50	0.0	-0.085	0.081546	0.005942	493	543	3	2248
395	83.9004333143	90	0.0	-0.085	0.012928	0.035979	651	643	3	2488
396	144.117894409	130	0.0	-0.085	-0.101122	-0.011848	1165	532	3	2308
523	56.9105841379	50	0.0	-0.085	0.065619	0.015700	543	585	4	2850
524	98.1248006257	90	0.0	-0.085	-0.017064	0.034527	862	628	4	2429
525	146.630063173	130	0.0	-0.085	-0.101815	-0.017942	1181	508	4	2309
526	90.1255811418	90	0.0	-0.085	-0.000266	0.036361	804	660	4	2208
527	136.389571083	130	0.0	-0.085	-0.089854	0.000598	1031	603	4	2210
528	72.708605996	50	0.0	-0.085	0.036773	0.033127	587	623	4	2209
529	60.2425372071	50	0.0	-0.085	0.059715	0.019448	502	584	4	2249
530	106.586097207	90	0.0	-0.085	-0.035195	0.033164	812	673	4	2168
531	141.072361283	130	0.0	-0.085	-0.098141	-0.005732	1130	547	4	2189
532	86.9372123102	90	0.0	-0.085	0.006584	0.038050	688	642	4	2149
533	117.161551572	130	0.0	-0.085	-0.057163	0.026411	935	662	4	2150
534	47.3564267867	50	0.0	-0.085	0.084734	0.007007	589	584	4	2269
535	97.9308910297	90	0.0	-0.085	-0.016876	0.036139	783	658	4	2369
536	136.544646521	130	0.0	-0.085	-0.087803	-0.001808	1098	576	4	2249
537	51.4188818608	50	0.0	-0.085	0.075878	0.010115	499	580	4	2089
538	138.319895163	130	0.0	-0.085	-0.091122	-0.003870	1126	536	4	2189
539	85.1378920413	90	0.0	-0.085	0.010182	0.034698	780	648	4	2469
540	66.3718105095	50	0.0	-0.085	0.048691	0.026300	594	620	4	2409
