trial	targetangle_deg	arcangle_deg	homex_cm	homey_cm	handx_cm	handy_cm	tapx_cm	tapy_cm	block	time_ms	selected
139	72.269	50	0	0	3.4281	10.722	9.2726	8.5333	1	2633	1
140	110.65	90	0	0	-3.9158	10.392	-1.7558	12.69	1	2329	1
141	154.13	130	0	0	-10.378	5.0332	-9.64	7.7307	1	2389	1
142	98.211	90	0	0	-1.6111	11.165	3.3178	12.633	1	2389	1
143	126.01	130	0	0	-6.7573	9.2967	-6.8531	11.085	1	2409	1
144	89.644	50	0	0	0.0693	11.154	5.9141	10.425	1	2429	1
145	141.1	130	0	0	-9.3643	7.5566	-9.0445	8.6193	1	2429	1
146	72.041	50	0	0	3.7381	11.533	9.225	9.6227	1	2590	1
147	109.19	90	0	0	-3.7268	10.71	-0.63625	13.063	1	2430	1
148	141.64	130	0	0	-9.5081	7.5255	-7.9726	9.7373	1	2490	1
149	51.228	50	0	0	7.1215	8.8663	10.773	6.5267	1	2430	1
150	92.782	90	0	0	-0.5497	11.314	5.1281	11.887	1	2449	1
151	131.48	90	0	0	-7.7362	8.751	-3.9948	12.26	1	2449	1
152	84.693	50	0	0	1.0577	11.387	6.5334	11.371	1	2409	1
153	127.86	130	0	0	-7.2137	9.2808	-5.9004	11.801	1	2389	1
154	102.73	90	0	0	-2.5162	11.135	-0.66007	12.69	1	2349	1
155	119.44	130	0	0	-5.5572	9.8451	-3.1849	12.575	1	2389	1
156	69.924	50	0	0	3.9567	10.826	8.8915	8.6767	1	2409	1
283	88.764	50	0	0	0.2389	11.072	6.4858	11.601	2	3375	1
284	123.27	130	0	0	-6.3584	9.6907	-5.3763	11.744	2	2390	1
285	104.67	90	0	0	-2.8435	10.861	1.4599	12.633	2	2391	1
286	88.19	90	0	0	0.3563	11.277	4.08	12.031	2	2429	1
287	53.545	50	0	0	6.8773	9.3094	9.6776	7.5873	2	2629	1
288	149.85	130	0	0	-9.7192	5.6464	-9.8306	7.3007	2	2410	1
289	102.27	90	0	0	-2.3811	10.947	3.6751	12.289	2	2429	1
290	72.611	50	0	0	3.6298	11.591	8.5104	8.8773	2	2529	1
291	140.63	130	0	0	-8.5838	7.0424	-9.1398	7.0713	2	2309	1
292	170.07	130	0	0	-11.329	1.9842	-10.474	6.1253	2	2369	1
293	45.912	50	0	0	8.105	8.3671	10.773	5.982	2	2349	1
294	116.37	90	0	0	-5.0366	10.158	-3.2802	12.317	2	2249	1
295	93.048	90	0	0	-0.6012	11.292	3.6274	12.031	2	2389	1
296	125.64	130	0	0	-6.7812	9.4585	-7.3295	10.741	2	2329	1
297	85.176	50	0	0	0.9479	11.232	7.772	10.024	2	2489	1
298	145.3	130	0	0	-9.5401	6.6052	-9.6876	7.5587	2	2409	1
299	114.92	90	0	0	-4.9273	10.605	-1.8272	12.518	2	2289	1
300	60.501	50	0	0	5.6248	9.9423	9.7728	7.9027	2	2370	1
427	145.39	130	0	0	-9.3787	6.4719	-9.8306	8.1033	3	2374	1
428	106.55	90	0	0	-3.2744	11.02	-0.2075	12.432	3	2329	1
429	57.269	50	0	0	6.1963	9.6403	9.8919	6.928	3	2469	1
430	57.606	50	0	0	6.2195	9.8026	11.702	5.4947	3	2369	1
431	119.33	130	0	0	-5.5053	9.7997	-6.8293	10.196	3	2669	1
432	108.43	90	0	0	-3.6137	10.844	-1.4938	13.005	3	2349	1
433	156.76	130	0	0	-10.333	4.4369	-9.7353	8.2467	3	2329	1
434	77	50	0	0	2.6256	11.373	9.3441	7.616	3	2349	1
435	109.91	90	0	0	-3.8041	10.505	0.38798	12.719	3	2349	1
436	65.748	50	0	0	4.7118	10.459	10.202	7.5587	3	2330	1
437	132.49	90	0	0	-7.8153	8.5319	-3.8281	12.346	3	2330	1
438	126.23	130	0	0	-6.7084	9.1544	-6.9484	10.741	3	2370	1
439	72.701	50	0	0	3.458	11.103	10.225	8.2467	3	2449	1
440	134.13	130	0	0	-8.0298	8.2778	-7.8774	9.25	3	2390	1
441	102.13	90	0	0	-2.3714	11.033	3.6751	12.145	3	2449	1
442	125.97	90	0	0	-6.6632	9.1809	-3.3993	12.575	3	2369	1
443	153.01	130	0	0	-10.187	5.1879	-9.378	7.9027	3	2389	1
444	84.175	50	0	0	1.1872	11.637	9.0344	8.5047	3	2449	1
571	148.12	130	0	0	-9.6156	5.9796	-9.64	7.3867	4	2450	1
572	82.688	50	0	0	1.4535	11.328	9.487	9.25	4	2509	1
573	111.05	90	0	0	-4.0805	10.602	1.2931	12.862	4	2389	1
574	131.58	130	0	0	-7.8095	8.8032	-6.734	10.999	4	2489	1
575	128.4	90	0	0	-7.0538	8.8992	-3.0897	12.604	4	2390	1
576	92.951	50	0	0	-0.5997	11.635	6.5096	11.085	4	2385	1
577	98.996	90	0	0	-1.783	11.263	3.0558	12.633	4	2350	1
578	79.695	50	0	0	2.2643	12.454	8.5819	9.3647	4	3176	1
579	137.44	130	0	0	-8.5638	7.8647	-7.6868	10.081	4	2429	1
580	79.511	50	0	0	2.1234	11.469	9.749	8.6767	4	2430	1
581	121.41	130	0	0	-5.9848	9.8021	-6.5673	11.113	4	2469	1
582	88.135	90	0	0	0.3663	11.248	4.8899	11.83	4	2309	1
583	157.11	130	0	0	-10.523	4.4426	-10.378	6.2973	4	2349	1
584	99.427	50	0	0	-1.8866	11.362	3.5322	11.973	4	2309	1
585	98.462	90	0	0	-1.6815	11.302	3.0319	12.289	4	2409	1
586	123.56	90	0	0	-6.3098	9.5104	-1.851	12.489	4	2349	1
587	85.727	50	0	0	0.8686	11.626	7.1289	10.311	4	2389	1
588	122.16	130	0	0	-6.1006	9.7032	-4.8047	11.343	4	2349	1
