trial	targetangle_deg	arcangle_deg	homex_cm	homey_cm	handx_cm	handy_cm	tapx_cm	tapy_cm	block	time_ms	selected
73	54.625	50	0	0	6.6266	9.333	5.1995	10.913	1	3668	1
74	87.421	90	0	0	0.5043	11.198	-0.42188	12.059	1	2730	1
75	138.82	130	0	0	-8.5344	7.4653	-7.7821	8.906	1	3266	1
76	26.899	50	0	0	10.3	5.2253	9.749	7.1573	1	2808	1
77	108.25	90	0	0	-3.5541	10.777	-4.0663	11.085	1	2816	1
78	161.27	130	0	0	-10.639	3.608	-10.688	5.4947	1	2584	1
79	77.753	50	0	0	2.5666	11.824	4.08	11.228	1	2678	1
80	114.28	130	0	0	-4.6877	10.393	-4.5188	11.629	1	2520	1
81	122.07	90	0	0	-6.2569	9.9856	-4.1377	11.658	1	2378	1
82	67.89	90	0	0	4.5242	11.136	3.9609	10.282	1	2288	1
83	56.417	50	0	0	6.6977	10.087	5.6521	10.511	1	2296	1
84	141.6	130	0	0	-9.4316	7.4751	-8.0917	8.9347	1	2335	1
85	110.29	90	0	0	-3.9698	10.738	-3.8042	11.687	1	2296	1
86	114.94	130	0	0	-4.9876	10.724	-5.3763	10.712	1	2219	1
87	62.39	50	0	0	5.6396	10.783	5.6997	10.425	1	2334	1
88	118.03	130	0	0	-5.3038	9.9619	-3.4469	12.059	1	2219	1
89	35.225	50	0	0	9.3192	6.58	9.4632	7.8167	1	2299	1
90	81.446	90	0	0	1.7228	11.454	2.8652	11.601	1	2153	1
145	99.029	90	0	0	-1.7832	11.221	-3.1611	11.744	2	2335	1
146	146.67	130	0	0	-9.5647	6.2897	-10.426	5.638	2	2159	1
147	43.594	50	0	0	8.5363	8.1272	8.9392	7.9027	2	2616	1
148	135.06	130	0	0	-7.8776	7.8611	-10.188	5.8387	2	2119	1
149	91.126	90	0	0	-0.2281	11.604	-1.327	11.343	2	2160	1
150	63.358	50	0	0	5.3654	10.695	5.4615	10.339	2	2160	1
151	108.88	90	0	0	-3.6899	10.788	-4.8047	11.257	2	2059	1
152	62.002	50	0	0	5.261	9.8954	6.0808	10.081	2	2129	1
153	144.8	130	0	0	-9.4035	6.6337	-10.188	5.38	2	2159	1
154	31.174	50	0	0	10.117	6.1211	10.249	5.7813	2	2220	1
155	112.51	90	0	0	-4.3129	10.405	-4.9476	11.171	2	2159	1
156	108.04	130	0	0	-3.5013	10.748	-6.0909	10.454	2	2119	1
157	70.107	50	0	0	3.985	11.013	4.7469	10.884	2	2201	1
158	81.275	90	0	0	1.6947	11.043	0.29271	11.4	2	2139	1
159	129.28	130	0	0	-7.1791	8.7766	-7.6392	9.1353	2	2119	1
160	46.887	50	0	0	7.8503	8.3851	9.7967	6.3833	2	2235	1
161	104.5	90	0	0	-2.8955	11.196	-3.709	11.371	2	2143	1
162	111.82	130	0	0	-4.2551	10.629	-5.0905	10.511	2	2079	1
217	93.208	90	0	0	-0.6297	11.234	-3.7328	11.257	3	2349	1
218	137.84	130	0	0	-8.5168	7.7122	-9.4256	6.7847	3	2329	1
219	61.241	50	0	0	5.5554	10.122	6.3667	9.594	3	2080	1
220	98.552	90	0	0	-1.6778	11.158	-1.9225	11.572	3	2060	1
221	138.39	130	0	0	-8.7976	7.8132	-10.093	6.2113	3	2289	1
222	69.94	50	0	0	3.9151	10.722	4.9137	10.196	3	2159	1
223	122.78	130	0	0	-6.229	9.6717	-7.5677	9.594	3	2159	1
224	70.29	90	0	0	3.7882	10.574	3.2463	11.171	3	2139	1
225	74.224	50	0	0	3.2211	11.401	4.3182	10.483	3	2603	1
226	59.069	50	0	0	5.8631	9.7845	6.2714	9.7373	3	2159	1
227	106.24	90	0	0	-3.2312	11.091	-3.3279	11.257	3	2175	1
228	129.36	130	0	0	-7.1648	8.7348	-7.5915	8.562	3	2039	1
229	138.79	130	0	0	-8.8233	7.7282	-9.2589	6.8133	3	2139	1
230	37.299	50	0	0	9.6515	7.3523	9.487	6.67	3	2255	1
231	108.17	90	0	0	-3.6581	11.143	-4.1854	10.311	3	2127	1
232	102.95	130	0	0	-2.5617	11.14	-3.1135	11.027	3	2059	1
233	100.75	90	0	0	-2.1463	11.3	-3.2564	11.113	3	2019	1
234	45.581	50	0	0	8.2398	8.4086	8.6533	7.444	3	2059	1
289	51.187	50	0	0	7.3692	9.1613	6.0808	9.6227	4	2097	1
290	132.34	130	0	0	-7.7439	8.4986	-9.116	7.1573	4	1977	1
291	88.067	90	0	0	0.395	11.701	-0.37424	11.945	4	2593	1
292	92.607	90	0	0	-0.5308	11.657	-1.8987	11.973	4	2141	1
293	140.43	130	0	0	-8.7578	7.2371	-10.188	5.7813	4	1899	1
294	63.625	50	0	0	5.2513	10.59	6.1047	9.594	4	2017	1
295	132.7	130	0	0	-8.1629	8.8468	-9.7353	6.6413	4	2009	1
296	95.132	90	0	0	-1.0521	11.715	-0.82681	12.002	4	1977	1
297	77.06	50	0	0	2.6832	11.678	2.889	11.658	4	1879	1
298	115.3	90	0	0	-5.1114	10.814	-5.2572	10.999	4	1919	1
299	149.2	130	0	0	-10.313	6.1478	-10.498	4.8067	4	1939	1
300	36.976	50	0	0	9.8533	7.4184	10.749	5.896	4	2019	1
301	72.622	50	0	0	3.5578	11.368	3.6751	11.343	4	1979	1
302	113.71	90	0	0	-4.5801	10.43	-5.5669	10.54	4	1919	1
303	105.28	130	0	0	-3.0748	11.253	-4.0663	11.343	4	1899	1
304	113.2	130	0	0	-4.4549	10.396	-6.3053	10.569	4	1939	1
305	47.112	50	0	0	8.114	8.7354	8.6295	8.2467	4	2079	1
306	77.89	90	0	0	2.5123	11.709	1.841	11.744	4	1999	1
