Trial#	TargetAngle	ArcAngle	XHomePosition(m)	YHomePosition(m)	XTarget(m)	YTarget(m)	XTouch	YTouch	Block#	Time(ms)
139	149.907292191	130	0.0	-0.085	-0.097246	-0.028645	1165	561	1	2127
140	82.0668332605	50	0.0	-0.085	0.016190	0.031181	578	721	1	1928
141	124.77736829	90	0.0	-0.085	-0.067628	0.012386	950	727	1	2260
142	124.289973831	130	0.0	-0.085	-0.064590	0.009721	1023	702	1	1959
143	69.7655374716	50	0.0	-0.085	0.039134	0.021166	495	705	1	2042
144	119.198408569	90	0.0	-0.085	-0.056787	0.016615	963	733	1	1960
145	113.60091318	90	0.0	-0.085	-0.046837	0.022201	953	748	1	1959
146	128.504995122	130	0.0	-0.085	-0.071610	0.005010	1094	652	1	2060
147	61.8753815629	50	0.0	-0.085	0.055344	0.018543	448	679	1	2080
148	122.285352668	130	0.0	-0.085	-0.062002	0.013133	1046	705	1	1939
149	73.7130700522	50	0.0	-0.085	0.031337	0.022255	597	749	1	2045
150	116.309390113	90	0.0	-0.085	-0.051129	0.018409	969	727	1	1900
151	113.351288528	130	0.0	-0.085	-0.044877	0.018947	966	722	1	2022
152	66.0507149975	50	0.0	-0.085	0.046679	0.020093	552	727	1	2067
153	99.4999429761	90	0.0	-0.085	-0.018885	0.027853	807	763	1	1959
154	126.313340075	130	0.0	-0.085	-0.067965	0.007478	1027	690	1	1919
155	69.991977644	50	0.0	-0.085	0.040131	0.025211	524	723	1	1979
156	83.8883830221	90	0.0	-0.085	0.011983	0.026913	704	750	1	1999
283	140.477082084	130	0.0	-0.085	-0.086227	-0.013862	1152	588	2	1960
284	82.9995157885	50	0.0	-0.085	0.013660	0.026244	622	764	2	1959
285	106.844793964	90	0.0	-0.085	-0.032844	0.023478	903	755	2	1959
286	116.719913852	130	0.0	-0.085	-0.051928	0.018158	1032	720	2	1939
287	55.1635112515	50	0.0	-0.085	0.068924	0.014034	403	636	2	2059
288	103.593977773	90	0.0	-0.085	-0.027303	0.027909	887	752	2	1899
289	84.2048010227	90	0.0	-0.085	0.011458	0.027896	691	762	2	1959
290	70.8195227345	50	0.0	-0.085	0.038934	0.026926	544	745	2	1999
291	140.62054958	130	0.0	-0.085	-0.087934	-0.012823	1121	642	2	2019
292	64.8546109505	50	0.0	-0.085	0.049940	0.021391	457	683	2	2019
293	126.835872055	130	0.0	-0.085	-0.068245	0.006106	1075	671	2	2019
294	88.9620447917	90	0.0	-0.085	0.002107	0.031295	621	762	2	2018
295	123.620210581	130	0.0	-0.085	-0.065369	0.013313	1004	719	2	2020
296	79.2128944477	50	0.0	-0.085	0.021082	0.025651	593	746	2	2000
297	104.339650918	90	0.0	-0.085	-0.028302	0.025713	810	769	2	2000
298	97.5816943727	90	0.0	-0.085	-0.015007	0.027747	761	771	2	2060
299	118.959420936	130	0.0	-0.085	-0.055231	0.014806	977	741	2	1940
300	51.4605721964	50	0.0	-0.085	0.073313	0.007037	389	649	2	1979
427	107.277348551	90	0.0	-0.085	-0.033151	0.021584	852	742	3	2061
428	144.531835374	130	0.0	-0.085	-0.094034	-0.018005	1165	576	3	2039
429	68.0802703943	50	0.0	-0.085	0.042397	0.020361	468	683	3	2039
430	118.79410285	130	0.0	-0.085	-0.054546	0.014243	920	752	3	2039
431	73.0666030935	50	0.0	-0.085	0.033504	0.025044	542	727	3	2040
432	107.356879892	90	0.0	-0.085	-0.033569	0.022402	846	760	3	2019
433	113.651196913	130	0.0	-0.085	-0.046205	0.020502	891	750	3	2019
434	127.504429642	90	0.0	-0.085	-0.069445	0.005488	981	735	3	1999
435	72.9506908488	50	0.0	-0.085	0.033871	0.025447	521	708	3	2080
436	121.158377784	130	0.0	-0.085	-0.058568	0.011866	983	730	3	2019
437	114.495222185	90	0.0	-0.085	-0.046939	0.018021	924	742	3	2000
438	47.6275252651	50	0.0	-0.085	0.079566	0.002220	332	574	3	2100
439	112.458638126	130	0.0	-0.085	-0.042858	0.018680	907	758	3	1979
440	93.9470694598	90	0.0	-0.085	-0.008141	0.032988	723	774	3	2019
441	63.3804460497	50	0.0	-0.085	0.051609	0.017973	384	606	3	2079
442	125.885113581	130	0.0	-0.085	-0.065748	0.005877	952	740	3	1979
443	117.51308595	90	0.0	-0.085	-0.052367	0.015540	887	743	3	1959
444	44.6636116338	50	0.0	-0.085	0.082407	-0.003555	318	553	3	2019
571	109.007108606	90	0.0	-0.085	-0.036438	0.020781	878	756	4	1958
572	79.0532229953	50	0.0	-0.085	0.022040	0.028951	567	731	4	1979
573	123.788189894	130	0.0	-0.085	-0.063946	0.010564	968	735	4	1939
574	82.1711515328	50	0.0	-0.085	0.015681	0.029047	576	732	4	1979
575	108.243826895	90	0.0	-0.085	-0.035822	0.023673	891	747	4	1959
576	112.221249621	130	0.0	-0.085	-0.044211	0.023221	882	754	4	1879
577	117.210892327	130	0.0	-0.085	-0.050635	0.013479	929	745	4	1859
578	63.5104074937	50	0.0	-0.085	0.051042	0.017421	491	684	4	1980
579	108.623411229	90	0.0	-0.085	-0.036627	0.023688	876	771	4	1899
580	62.4439610417	50	0.0	-0.085	0.054452	0.019352	478	689	4	1979
581	110.615729894	90	0.0	-0.085	-0.040154	0.021739	903	745	4	1900
582	124.231533488	130	0.0	-0.085	-0.064850	0.010311	978	700	4	1920
583	154.248249503	130	0.0	-0.085	-0.101109	-0.036227	1138	598	4	2019
584	87.7177686	90	0.0	-0.085	0.004593	0.030247	644	758	4	1974
585	95.1951136671	50	0.0	-0.085	-0.010289	0.028164	647	759	4	1899
586	98.3575134634	90	0.0	-0.085	-0.016324	0.026116	772	764	4	1919
587	136.124003307	130	0.0	-0.085	-0.081720	-0.006425	1049	687	4	1959
588	55.1260325435	50	0.0	-0.085	0.066429	0.010316	371	617	4	1999
