trial	targetangle_deg	arcangle_deg	homex_cm	homey_cm	handx_cm	handy_cm	tapx_cm	tapy_cm	block	time_ms	selected
91	78.441	50	0	0	2.4505	11.981	3.6969	10.716	1	3499	1
92	94.824	90	0	0	-1.0239	12.132	-1.5195	12.493	1	3181	1
93	124.52	130	0	0	-6.9322	10.078	-7.9031	12.264	1	2819	1
94	126.88	130	0	0	-7.3948	9.8559	-8.3081	12.665	1	3019	1
95	55.639	50	0	0	6.9733	10.199	7.389	9.1393	1	3019	1
96	92.65	90	0	0	-0.5573	12.041	-2.5438	14.127	1	2639	0
97	75.052	50	0	0	3.1511	11.803	2.4107	12.092	1	2799	1
98	110.18	90	0	0	-4.2532	11.569	-6.3072	12.121	1	2959	1
99	99.792	130	0	0	-2.072	12.006	-3.9253	12.522	1	2779	1
100	99.439	130	0	0	-1.9967	12.01	-4.0444	13.181	1	2758	1
101	117.62	90	0	0	-5.6566	10.81	-7.26	12.092	1	2579	1
102	77.171	50	0	0	2.723	11.957	2.4822	11.834	1	2698	1
103	103.44	130	0	0	-2.8181	11.793	-3.6394	12.293	1	2640	1
104	119.67	90	0	0	-6.071	10.654	-5.8785	10.229	1	2600	1
105	72.032	50	0	0	3.7094	11.438	2.8156	11.461	1	2800	1
106	84.835	90	0	0	1.1152	12.338	0.69569	11.92	1	2560	1
107	82.344	50	0	0	1.6554	12.314	0.62423	12.35	1	2819	1
108	103.23	130	0	0	-2.7856	11.853	-4.6399	12.321	1	2759	1
235	84.302	50	0	0	1.2096	12.122	2.6012	12.035	2	3540	1
236	116.81	90	0	0	-5.5765	11.033	-6.9742	9.7127	2	2539	1
237	109.9	130	0	0	-4.0902	11.301	-5.283	11.146	2	2519	1
238	77.079	50	0	0	2.6903	11.726	4.1733	10.601	2	2619	1
239	111.73	130	0	0	-4.542	11.397	-5.5212	11.003	2	2299	1
240	88.785	90	0	0	0.256	12.075	0.052567	13.21	2	2220	1
241	67.244	50	0	0	4.8371	11.532	5.2214	11.089	2	2259	1
242	107.55	130	0	0	-3.6275	11.468	-4.9972	12.551	2	2239	1
243	98.562	90	0	0	-1.7981	11.942	-2.8772	12.923	2	2218	1
244	84.447	50	0	0	1.1781	12.118	1.8628	11.089	2	2179	1
245	97.087	90	0	0	-1.5019	12.08	-0.85257	12.321	2	2560	1
246	111.18	130	0	0	-4.4713	11.54	-4.4493	13.153	2	2200	1
247	114.99	130	0	0	-5.2301	11.223	-4.5684	11.834	2	2863	1
248	80.6	50	0	0	2.0145	12.169	2.244	11.175	2	2339	1
249	97.486	90	0	0	-1.5833	12.05	-2.0912	12.694	2	2019	1
250	84.58	90	0	0	1.1763	12.397	1.9105	12.35	2	1919	1
251	83.868	50	0	0	1.3295	12.374	2.5298	12.694	2	2139	1
252	98.72	130	0	0	-1.8682	12.181	-4.5208	12.78	2	3114	1
379	81.264	50	0	0	1.8418	11.986	2.5536	12.895	3	2739	1
380	126.36	130	0	0	-7.2456	9.8419	-8.6654	10.859	3	2239	1
381	100.46	90	0	0	-2.2063	11.946	-1.853	12.092	3	2239	1
382	112.72	90	0	0	-4.7282	11.292	-7.8079	11.433	3	2239	1
383	106.06	130	0	0	-3.3787	11.734	-15.764	-3.1587	3	2399	0
384	73.639	50	0	0	3.3941	11.561	2.7203	9.9707	3	2579	1
385	109.95	130	0	0	-4.163	11.47	-5.3783	10.544	3	2259	1
386	92.422	90	0	0	-0.5235	12.378	-2.1388	11.117	3	2319	1
387	76.656	50	0	0	2.8134	11.861	0.81479	9.6267	3	2279	1
388	106.97	130	0	0	-3.5542	11.651	-4.9257	11.375	3	2119	1
389	93.95	90	0	0	-0.8487	12.291	-1.3528	12.379	3	2300	1
390	85.178	50	0	0	1.0286	12.193	1.7914	11.433	3	2473	1
391	106.4	130	0	0	-3.4486	11.716	-4.9733	12.522	3	2259	1
392	100.86	90	0	0	-2.2899	11.939	-1.9959	12.551	3	2179	1
393	87.12	50	0	0	0.6103	12.133	2.1249	11.203	3	2299	1
394	101.13	130	0	0	-2.319	11.792	-4.6399	12.092	3	2120	1
395	83.063	50	0	0	1.4593	11.995	2.768	11.117	3	2319	1
396	99.45	90	0	0	-1.9715	11.844	-3.7347	12.407	3	2100	1
523	103.21	90	0	0	-2.7722	11.814	-2.0435	11.777	4	2660	1
524	132.68	130	0	0	-8.3536	9.0606	-7.8079	9.6553	4	2016	1
525	74.607	50	0	0	3.2078	11.651	3.03	11.375	4	2680	1
526	76.981	50	0	0	2.7621	11.946	1.4341	11.203	4	2299	1
527	83.381	90	0	0	1.4079	12.133	1.053	10.888	4	2399	1
528	118.6	130	0	0	-5.8375	10.705	-5.1639	11.461	4	2160	1
529	70.642	50	0	0	4.0428	11.507	4.5783	10.802	4	2678	1
530	92.401	90	0	0	-0.5075	12.106	-1.9483	11.117	4	2079	1
531	114.75	130	0	0	-5.1122	11.089	-4.0206	11.719	4	2279	1
532	75.062	50	0	0	3.107	11.646	1.6247	11.605	4	2499	1
533	105.07	90	0	0	-3.1681	11.768	-4.2349	11.834	4	2602	1
534	104.16	130	0	0	-3.0605	12.131	-4.5446	11.949	4	2259	1
535	101.56	90	0	0	-2.4278	11.867	-3.6156	12.493	4	2219	1
536	114.4	130	0	0	-4.9618	10.939	-5.5926	10.401	4	2319	1
537	68.789	50	0	0	4.435	11.428	3.8637	11.031	4	2699	1
538	69.174	50	0	0	4.2817	11.256	2.2678	11.031	4	2519	1
539	104.26	130	0	0	-2.9626	11.658	-5.1163	11.175	4	2279	1
540	94.522	90	0	0	-0.9741	12.316	-2.0912	10.659	4	2219	1
