-0.008467
0.035610
-0.074882
0.011000
0.101726
-0.015886
0.059621
0.021917
-0.074858
0.012597
0.016067
0.033983
0.092958
-0.005937
0.007415
0.038254
-0.024087
0.037417
0.107497
-0.027303
-0.101363
-0.013111
-0.051496
0.026589
0.072674
0.012250
0.047535
0.025699
-0.094594
-0.007900
-0.074393
0.014020
-0.038000
0.029627
0.099503
-0.009973
0.076815
0.011135
0.006833
0.035654
-0.101994
-0.019977
0.024478
0.033743
0.095161
-0.011613
-0.081663
0.003782
0.061824
0.018764
-0.051382
0.024502
0.014863
0.035828
-0.096870
-0.012816
0.075267
0.009073
0.058727
0.021165
0.083576
0.002880
-0.083489
0.001972
-0.025973
0.033191
0.042863
0.029654
-0.080487
0.005031
0.063766
0.017406
0.044807
0.028218
-0.086980
0.000422
0.099867
-0.016738
0.055642
0.021934
-0.060265
0.020484
0.023872
0.033881
0.064879
0.016287
0.055112
0.022874
-0.059397
0.019609
-0.034333
0.031471
-0.098387
-0.015216
0.101602
-0.018513
0.083316
0.002537
-0.051143
0.024482
0.042936
0.027381
-0.078568
0.006132
-0.055253
0.023045
0.083477
0.003487
0.070651
0.012305
-0.078993
0.006402
0.014483
0.035140
0.051579
0.023657
-0.108768
-0.032961
0.063428
0.017024
0.099835
-0.017163
0.055578
0.022405
-0.072071
0.011241
0.068934
0.013469
0.058438
0.021742
-0.046203
0.025982
-0.069054
0.014835
0.092071
-0.007405
0.052764
0.023054
-0.085215
0.000281
0.057677
0.023073
0.099971
-0.018430
