trial	targetangle_deg	arcangle_deg	homex_cm	homey_cm	handx_cm	handy_cm	tapx_cm	tapy_cm	block	time_ms	selected
139	45.476	50	0	0	8.0229	8.1572	6.8907	10.761	1	2569	1
140	134.86	130	0	0	-7.8462	7.8849	-8.4014	10.875	1	2589	1
141	87.599	90	0	0	0.4716	11.246	0.48326	13.025	1	2429	1
142	89.772	50	0	0	0.0438	11.023	0.22125	12.251	1	2389	1
143	43.737	130	0	0	8.4018	8.0394	7.8673	8.238	1	2329	1
144	134.15	90	0	0	-7.6786	7.9109	-9.8782	11.162	1	2329	1
145	86.462	130	0	0	0.7137	11.543	-1.0888	12.337	1	2169	1
146	44.677	90	0	0	9.2088	9.1056	6.4143	10.388	1	2849	1
147	134.58	50	0	0	-7.8456	7.9612	-8.8063	11.879	1	2389	1
148	134.31	50	0	0	-7.88	8.0724	-8.9254	9.7287	1	3252	1
149	44.942	90	0	0	8.1426	8.126	7.2242	7.9513	1	2489	1
150	87.852	130	0	0	0.4271	11.39	-0.088406	12.767	1	2390	1
151	86.099	90	0	0	0.7968	11.686	-0.13604	12.423	1	2349	1
152	133.95	50	0	0	-7.837	8.1285	-8.4729	10.187	1	2329	1
153	47.388	130	0	0	7.8786	8.5642	7.2003	9.184	1	2389	1
154	86.039	130	0	0	0.8065	11.647	-1.4223	12.452	1	2310	1
155	43.636	50	0	0	8.3879	7.9978	7.2003	7.894	1	2270	1
156	134.24	90	0	0	-7.7668	7.9763	-9.4971	8.4387	1	2210	1
283	86.834	130	0	0	0.6392	11.555	0.60236	12.108	2	2450	1
284	44.182	90	0	0	8.2492	8.0169	7.4862	9.614	2	2370	1
285	136.58	50	0	0	-8.087	7.6519	-8.6396	11.535	2	2349	1
286	133.88	90	0	0	-7.8573	8.1708	-8.187	9.4993	2	2389	1
287	47.554	130	0	0	7.8492	8.5822	7.4624	9.528	2	2429	1
288	88.398	50	0	0	0.3174	11.35	0.17361	12.366	2	2428	1
289	44.45	50	0	0	8.1612	8.0059	5.8426	9.7287	2	2249	1
290	137.26	130	0	0	-8.2625	7.6342	-8.5205	9.9867	2	3464	1
291	86.619	90	0	0	0.6885	11.656	-0.66007	11.621	2	2529	1
292	133.32	90	0	0	-7.843	8.3165	-7.1151	10.789	2	2309	1
293	85.256	130	0	0	0.9915	11.947	0.12597	12.595	2	2429	1
294	45.138	50	0	0	8.0201	8.0588	6.9622	9.4707	2	2429	1
295	133.57	130	0	0	-7.6331	8.0248	-8.8301	10.159	2	2309	1
296	87.868	50	0	0	0.431	11.579	0.55472	11.907	2	2349	1
297	49.708	90	0	0	7.7408	9.1302	7.0812	10.56	2	2329	1
298	46.879	50	0	0	7.6422	8.1607	6.986	9.9293	2	2349	1
299	134.24	90	0	0	-7.7668	7.9763	-7.0199	11.449	2	2370	1
300	87.984	130	0	0	0.4005	11.377	-1.1126	11.506	2	2390	1
427	86.599	130	0	0	0.6901	11.614	-0.35042	12.567	3	2390	1
428	46.074	90	0	0	8.0428	8.3501	8.0578	8.1807	3	2268	1
429	135.42	50	0	0	-7.9244	7.8088	-8.6396	10.847	3	2209	1
430	47.596	90	0	0	7.5369	8.2528	7.9149	8.668	3	2289	1
431	87.994	130	0	0	0.4036	11.521	-1.9225	13.226	3	2329	1
432	134.74	50	0	0	-7.8714	7.9429	-7.5201	11.477	3	2309	1
433	46.984	50	0	0	7.9174	8.4856	8.3913	8.0087	3	2329	1
434	86.263	90	0	0	0.7488	11.463	-0.58861	12.337	3	2289	1
435	132.05	130	0	0	-7.7061	8.5435	-9.0445	8.668	3	2269	1
436	87.128	130	0	0	0.5692	11.346	1.1502	11.506	3	2309	1
437	133.83	90	0	0	-7.7644	8.0892	-7.8059	10.417	3	2409	1
438	48.152	50	0	0	8.4626	9.4491	7.9149	9.1267	3	2450	1
439	46.805	90	0	0	7.9899	8.5099	7.5815	8.926	3	2310	1
440	87.943	50	0	0	0.4037	11.242	1.6266	12.997	3	2249	1
441	132.69	130	0	0	-7.6632	8.3075	-6.8769	11.076	3	2250	1
442	48.123	90	0	0	8.4946	9.4752	5.3901	10.302	3	2289	1
443	133.67	130	0	0	-7.661	8.025	-10.783	9.6427	3	2289	1
444	87.804	50	0	0	0.4362	11.377	-1.065	12.395	3	2229	1
571	43.584	90	0	0	8.154	7.7607	8.6533	7.1773	4	2486	1
572	88.446	130	0	0	0.3067	11.309	0.12597	13.169	4	2455	1
573	135.24	50	0	0	-8.0529	7.9863	-7.9488	10.847	4	2431	1
574	133.89	90	0	0	-7.674	7.9776	-8.2585	10.589	4	2523	1
575	48.071	130	0	0	7.769	8.6498	8.5819	7.55	4	2389	1
576	87.695	50	0	0	0.4477	11.124	0.62618	12.452	4	2369	1
577	47.191	50	0	0	8.7508	9.4471	7.6053	8.4673	4	2569	1
578	87.717	130	0	0	0.4433	11.117	-1.4461	12.194	4	2430	1
579	135.54	90	0	0	-7.9517	7.8029	-8.711	10.015	4	2310	1
580	45.907	90	0	0	7.9139	8.1685	6.5334	9.012	4	2490	1
581	87.283	50	0	0	0.5352	11.278	-1.1126	12.337	4	2370	1
582	134.39	130	0	0	-7.9295	8.0999	-7.3295	11.105	4	2349	1
583	88.579	90	0	0	0.2769	11.161	0.34034	11.133	4	2369	1
584	134.33	50	0	0	-7.8654	8.0523	-7.663	11.248	4	2349	1
585	48.55	130	0	0	7.7766	8.8054	6.581	9.184	4	2369	1
586	47.172	90	0	0	7.6249	8.2262	7.7958	8.8113	4	2329	1
587	87.223	50	0	0	0.5466	11.269	0.38798	12.051	4	2369	1
588	133.44	130	0	0	-7.6908	8.1204	-7.9965	9.9007	4	3378	1
