0.004953
0.035733
-0.071162
0.011703
0.081708
0.002920
-0.089234
-0.004192
-0.013478
0.034502
-0.108338
-0.137124
-0.091375
-0.006740
-0.010813
0.034805
-0.120855
-0.099048
0.039965
0.029011
0.068187
0.014238
-0.088308
-0.003245
-0.010415
0.034863
-0.115257
-0.125189
-0.108419
-0.137358
-0.110160
-0.136781
-0.120132
-0.072328
-0.107715
-0.137922
-0.015098
0.034249
-0.108566
-0.032235
-0.111151
-0.038320
-0.060596
0.019437
-0.118497
-0.063383
0.086273
0.000081
-0.085324
0.000450
-0.119742
-0.101177
0.103385
-0.022147
0.051139
0.023589
-0.073876
0.009912
-0.099350
-0.015734
0.085274
0.000042
-0.083141
0.002731
-0.120094
-0.064183
-0.076961
0.008837
-0.015601
0.034133
-0.119594
-0.098899
0.065224
0.016291
-0.049709
0.024590
-0.115366
-0.049670
-0.011424
0.035043
-0.116545
-0.054415
0.070259
0.012513
-0.102125
-0.018015
0.059591
0.019722
-0.077176
0.008332
-0.053638
0.023351
-0.056026
0.022445
-0.095588
-0.011733
-0.113628
-0.124733
-0.032211
0.031905
-0.111783
-0.036397
-0.017573
0.033733
-0.112715
-0.041861
0.008371
0.035414
-0.095352
-0.011918
0.001294
0.035261
0.056822
0.022485
0.066092
0.016507
-0.023314
0.033246
-0.083003
0.002590
-0.088600
0.000024
0.091350
-0.006407
-0.020791
0.034544
-0.095809
-0.012064
0.088513
-0.003953
-0.047067
0.026399
0.082829
0.004427
-0.030162
0.032091
-0.092335
-0.007429
0.015089
0.035089
-0.107846
-0.032349
0.083427
0.003791
