trial	targetangle_deg	arcangle_deg	homex_cm	homey_cm	handx_cm	handy_cm	tapx_cm	tapy_cm	block	time_ms	selected
73	154.98	130	0	0	-10.171	4.7472	-9.4971	6.6987	1	3939	1
74	59.163	50	0	0	5.9155	9.9089	8.4866	8.4187	1	2622	1
75	93.095	90	0	0	-0.6236	11.533	3.3416	11.83	1	2356	1
76	131.8	130	0	0	-7.6808	8.5899	-8.4014	8.046	1	2600	1
77	53.569	50	0	0	6.7434	9.1363	10.702	5.0933	1	2794	1
78	99.799	90	0	0	-1.9874	11.507	-0.61243	11.171	1	2646	1
79	132.32	130	0	0	-8.7521	9.6101	-7.8774	8.3327	1	4136	1
80	120.13	90	0	0	-5.7899	9.976	-3.8519	11.056	1	2824	1
81	42.075	50	0	0	8.4881	7.6628	11.035	5.2653	1	3835	1
82	139.51	130	0	0	-8.7471	7.4688	-8.9731	7.0713	1	3602	1
83	69.086	50	0	0	4.0643	10.636	7.4862	9.3073	1	2893	1
84	79.7	90	0	0	2.0208	11.12	4.4135	10.827	1	2989	1
85	110.94	90	0	0	-4.0459	10.574	-2.0654	11.83	1	2977	1
86	136.13	130	0	0	-8.3897	8.0654	-7.925	8.7913	1	3105	1
87	58.675	50	0	0	6.0254	9.9003	9.4156	7.3007	1	2943	1
88	133.31	130	0	0	-8.0007	8.4866	-8.9254	7.2147	1	2709	1
89	103.7	90	0	0	-2.7727	11.373	1.7219	11.887	1	2921	1
90	65.489	50	0	0	4.7662	10.453	8.9868	7.1287	1	3875	1
145	83.207	90	0	0	1.351	11.342	2.1506	11.171	2	3095	1
146	52.934	50	0	0	6.7388	8.9214	7.7006	8.562	2	3158	1
147	115.34	130	0	0	-4.8615	10.264	-4.0424	11.285	2	2808	1
148	141.69	130	0	0	-8.7907	6.946	-9.0445	8.0173	2	2785	1
149	79.826	90	0	0	2.0127	11.215	4.342	10.769	2	2735	1
150	76.126	50	0	0	2.819	11.414	5.4377	10.196	2	3647	1
151	116.88	90	0	0	-5.0735	10.009	-3.042	11.601	2	2881	1
152	149.03	130	0	0	-9.7238	5.8356	-8.3061	8.3613	2	2803	1
153	54	50	0	0	6.7542	9.2964	7.4385	8.3327	2	2853	1
154	76.206	50	0	0	2.7766	11.309	5.0566	10.54	2	2805	1
155	118.49	90	0	0	-5.4304	10.004	-2.9467	11.228	2	2887	1
156	150.74	130	0	0	-9.8452	5.5149	-9.902	6.6127	2	2905	1
157	143.9	130	0	0	-9.1513	6.6735	-8.5681	8.992	2	2631	1
158	103.72	90	0	0	-2.7701	11.344	-0.66007	12.489	2	2547	1
159	51.742	50	0	0	7.1805	9.1058	10.154	6.4407	2	2625	1
160	81.559	50	0	0	1.6877	11.373	5.6283	9.9953	2	2687	1
161	111.41	90	0	0	-4.1277	10.529	-0.61243	11.687	2	2673	1
162	136.51	130	0	0	-8.256	7.8314	-7.3533	9.5367	2	2925	1
217	143.6	130	0	0	-9.244	6.8151	-8.6872	8.132	3	2884	1
218	113.14	90	0	0	-4.5447	10.634	-2.8753	11.715	3	2293	1
219	46.229	50	0	0	7.7641	8.1045	8.6772	7.53	3	2677	1
220	81.642	50	0	0	1.6609	11.305	4.8184	10.511	3	2570	1
221	146.94	130	0	0	-9.5551	6.2199	-9.0922	7.272	3	2553	1
222	98.181	90	0	0	-1.6051	11.165	1.8886	11.314	3	2910	1
223	121.8	90	0	0	-5.8829	9.4885	-2.2322	11.171	3	2770	1
224	88.723	50	0	0	0.2547	11.424	5.2948	10.626	3	2769	1
225	141.59	130	0	0	-9.1682	7.2685	-8.1632	8.734	3	2659	1
226	87.575	90	0	0	0.4817	11.374	3.9609	11.142	3	2527	1
227	83.207	50	0	0	1.3407	11.255	5.3662	10.54	3	2641	1
228	141.35	130	0	0	-8.964	7.168	-7.1628	9.7087	3	2668	1
229	112.1	90	0	0	-4.2268	10.408	-1.851	11.973	3	2391	1
230	58.909	50	0	0	5.7184	9.483	9.3917	7.9313	3	2307	1
231	133.36	130	0	0	-7.6482	8.1001	-5.9956	9.7087	3	2338	1
232	98.109	90	0	0	-1.5981	11.216	1.8886	12.002	3	2439	1
233	91.191	50	0	0	-0.2396	11.527	4.4373	10.54	3	2393	1
234	137.45	130	0	0	-8.4707	7.7763	-6.8055	9.1927	3	2359	1
289	106.39	90	0	0	-3.1631	10.756	-1.9463	11.343	4	2602	1
290	58.87	50	0	0	5.9444	9.8423	6.8669	9.6513	4	2567	1
291	134.53	130	0	0	-8.05	8.182	-6.7817	9.594	4	2609	1
292	73.552	50	0	0	3.2052	10.856	6.4619	9.68	4	2745	1
293	153.22	130	0	0	-10.04	5.0672	-10.545	6.1827	4	2543	1
294	84.279	90	0	0	1.1494	11.473	4.0324	11.056	4	2741	1
295	82.377	50	0	0	1.5022	11.224	3.6989	10.97	4	2691	1
296	112.01	90	0	0	-4.2869	10.606	-2.0654	12.059	4	2691	1
297	122.19	130	0	0	-5.9855	9.5074	-4.3997	11.285	4	2499	1
298	45.134	50	0	0	8.018	8.0555	10.154	6.1253	4	2540	1
299	137.01	130	0	0	-8.2881	7.7256	-6.1147	10.339	4	2579	1
300	116.56	90	0	0	-5.0917	10.184	-1.8034	11.515	4	2604	1
301	146.15	130	0	0	-9.3737	6.2865	-9.2827	7.616	4	2720	1
302	77.692	50	0	0	2.4483	11.221	7.6529	8.39	4	2802	1
303	120.2	90	0	0	-5.7402	9.8613	-4.1854	10.769	4	2788	1
304	88.524	90	0	0	0.2982	11.575	1.9601	11.572	4	2666	1
305	82.637	50	0	0	1.4909	11.538	5.1757	10.884	4	2699	1
306	140.04	130	0	0	-8.6047	7.211	-8.9254	7.2147	4	2765	1
