trial	targetangle_deg	arcangle_deg	homex_cm	homey_cm	handx_cm	handy_cm	tapx_cm	tapy_cm	block	time_ms	selected
91	65.674	50	0	0	5.003	11.067	5.9856	10.139	1	7701	1
92	142.1	130	0	0	-9.486	7.3859	-8.2823	8.4187	1	2811	1
93	129.57	90	0	0	-7.7397	9.3671	-4.6856	10.712	1	2795	1
94	88.077	90	0	0	0.4087	12.173	3.151	11.257	1	2575	1
95	84.821	50	0	0	1.093	12.058	4.0085	11.257	1	2758	1
96	127.85	130	0	0	-7.3684	9.4827	-5.6383	10.339	1	2578	1
97	121.23	90	0	0	-6.3074	10.401	-4.4235	10.798	1	2408	1
98	136.92	130	0	0	-8.8635	8.2874	-8.711	7.702	1	2539	1
99	75.573	50	0	0	3.0114	11.706	5.6997	10.54	1	2470	1
100	118.76	90	0	0	-5.8202	10.605	-3.8042	11.228	1	2434	1
101	122.12	130	0	0	-6.4105	10.212	-4.8761	10.884	1	2159	1
102	84.617	50	0	0	1.1617	12.329	3.556	11.228	1	2200	1
103	138.31	130	0	0	-9.1224	8.1236	-8.6158	7.7307	1	2099	1
104	71.773	50	0	0	3.8076	11.563	5.1519	10.798	1	2200	1
105	114.59	90	0	0	-5.0153	10.959	-3.0658	11.429	1	2226	1
106	130.54	130	0	0	-7.8873	9.2228	-6.5911	10.368	1	2219	1
107	89.418	50	0	0	0.123	12.114	4.1038	10.569	1	2179	1
108	114.44	90	0	0	-5.0244	11.056	-3.9472	11.601	1	2259	1
235	64.118	50	0	0	5.2977	10.919	4.7946	10.368	2	3502	1
236	117.16	130	0	0	-5.5098	10.74	-4.8761	11.199	2	2499	1
237	74.682	90	0	0	3.2297	11.791	4.7469	11.085	2	2679	1
238	124.25	90	0	0	-6.8266	10.025	-4.233	10.081	2	2331	1
239	72.199	50	0	0	3.7613	11.715	4.8184	10.913	2	2547	1
240	111.6	130	0	0	-4.428	11.187	-3.5422	11.629	2	2440	1
241	113.86	130	0	0	-4.961	11.217	-5.6145	10.54	2	2380	1
242	74.854	50	0	0	3.2069	11.848	4.4373	11.371	2	2220	1
243	66.799	90	0	0	4.8425	11.298	5.0566	10.769	2	2319	1
244	102.5	50	0	0	-2.5983	11.719	1.9601	11.4	2	2240	1
245	117.16	130	0	0	-5.5098	10.74	-3.6613	11.371	2	2618	1
246	125.96	90	0	0	-7.104	9.7914	-4.7808	11.228	2	2439	1
247	115.17	130	0	0	-5.1433	10.944	-3.6137	11.658	2	2339	1
248	62.725	50	0	0	5.5574	10.779	8.1293	8.476	2	2499	1
249	126.11	90	0	0	-7.1398	9.7891	-4.8999	10.54	2	2419	1
250	146.36	130	0	0	-10.234	6.8098	-9.4971	6.6127	2	2799	1
251	109.96	90	0	0	-4.1114	11.322	-2.9467	11.601	2	2339	1
252	78.814	50	0	0	2.361	11.939	4.3182	10.483	2	2420	1
379	150.75	130	0	0	-10.616	5.9462	-10.069	5.638	3	3065	1
380	109.64	90	0	0	-4.0744	11.416	-3.7804	10.655	3	2727	1
381	71.388	50	0	0	3.9469	11.72	4.7946	10.913	3	2259	1
382	115.63	130	0	0	-5.3311	11.11	-2.6609	11.629	3	2679	1
383	94.21	50	0	0	-0.8994	12.217	2.2459	11.629	3	2339	1
384	114.57	90	0	0	-5.1072	11.171	-4.4474	11.314	3	2359	1
385	80.853	90	0	0	1.9303	11.988	4.08	10.827	3	4808	1
386	135.93	130	0	0	-8.7967	8.5154	-9.3542	7.7593	3	2657	1
387	85.197	50	0	0	1.0205	12.145	3.0319	11.371	3	2385	1
388	82.486	50	0	0	1.6053	12.17	4.0085	10.913	3	2699	1
389	109.45	130	0	0	-4.035	11.426	-2.8991	11.142	3	2759	1
390	76.778	90	0	0	2.788	11.866	4.1038	11.171	3	2751	1
391	115.72	90	0	0	-5.2091	10.813	-4.1377	9.4793	3	2827	1
392	71.113	50	0	0	3.9176	11.451	4.8422	10.884	3	2985	1
393	114.84	130	0	0	-5.1326	11.087	-3.8281	11.171	3	2767	1
394	113.29	130	0	0	-4.7808	11.104	-3.709	11.343	3	2673	1
395	107.67	90	0	0	-3.6665	11.506	-3.6375	10.941	3	2566	1
396	83.769	50	0	0	1.3231	12.118	4.7469	10.024	3	2496	1
523	116.03	90	0	0	-5.3184	10.889	-3.5422	10.855	4	3276	1
524	72.534	50	0	0	3.7747	11.996	4.9851	10.655	4	2379	1
525	112.88	130	0	0	-4.6724	11.073	-3.3993	11.601	4	2059	1
526	75.192	50	0	0	3.0921	11.697	4.8422	10.454	4	2179	1
527	104	130	0	0	-2.9423	11.799	-2.6133	11.314	4	2679	1
528	111.59	90	0	0	-4.4848	11.335	-5.1381	10.311	4	2359	1
529	100.91	130	0	0	-2.3121	11.992	-2.1131	11.457	4	2789	1
530	85.36	50	0	0	0.9848	12.134	1.6504	11.859	4	2681	1
531	109.17	90	0	0	-3.9499	11.36	-3.566	11.371	4	2819	1
532	126.88	130	0	0	-7.2443	9.6565	-5.4478	10.339	4	2634	1
533	104.7	90	0	0	-3.0647	11.686	-2.4465	11.343	4	2510	1
534	79.954	50	0	0	2.1249	11.995	4.4373	10.827	4	2586	1
535	117.19	130	0	0	-5.5193	10.744	-3.4231	11.515	4	2744	1
536	84.672	50	0	0	1.1241	12.053	3.294	11.285	4	2782	1
537	110.95	90	0	0	-4.3038	11.239	-2.6609	11.629	4	2579	1
538	81.205	50	0	0	1.8509	11.963	4.4611	11.199	4	2559	1
539	120.43	130	0	0	-6.1538	10.478	-4.0663	11.285	4	2354	1
540	106.28	90	0	0	-3.4166	11.701	-1.4699	11.257	4	2399	1
