trial	targetangle_deg	arcangle_deg	homex_cm	homey_cm	handx_cm	handy_cm	tapx_cm	tapy_cm	block	time_ms	selected
73	134.29	130	0	0	-7.9296	8.1274	-12.214	6.7027	1	3570	1
74	51.938	50	0	0	7.2481	9.2566	7.7224	10.2	1	3514	1
75	95.326	90	0	0	-1.061	11.381	-4.9019	13.64	1	5238	1
76	47.173	50	0	0	7.7814	8.3953	8.2941	10.515	1	3656	1
77	139.36	130	0	0	-8.8232	7.5731	-12.834	7.9353	1	3168	1
78	85.362	90	0	0	0.9143	11.27	1.1959	13.841	1	3104	1
79	55.574	50	0	0	6.3886	9.3213	5.7454	13.353	1	3414	1
80	137.95	130	0	0	-8.3684	7.5472	-13.525	8.3653	1	3382	1
81	88.86	90	0	0	0.2291	11.517	1.3388	13.927	1	3364	1
82	140.9	130	0	0	-8.9461	7.2713	-12.405	7.878	1	3271	1
83	59.297	50	0	0	5.7777	9.7296	7.4366	9.77	1	2923	1
84	90.649	90	0	0	-0.1289	11.385	0.91007	14.471	1	2813	0
85	94.348	90	0	0	-0.8638	11.362	-1.1146	14.471	1	2821	0
86	137.05	130	0	0	-8.3767	7.7978	-11.786	6.5593	1	2719	1
87	54.396	50	0	0	6.6921	9.346	8.6037	8.1073	1	3205	1
88	51.384	50	0	0	7.1271	8.9227	9.1278	9.0247	1	2882	1
89	93.109	90	0	0	-0.6244	11.497	-3.3774	13.984	1	2724	1
90	135.32	130	0	0	-7.9664	7.878	-12.214	7.276	1	2819	1
145	134.41	130	0	0	-7.9602	8.125	-13.215	8.394	2	2799	1
146	53.817	50	0	0	6.8358	9.3456	8.8181	9.5407	2	2608	1
147	94.444	90	0	0	-0.8805	11.33	-2.6867	14.471	2	2459	0
148	137.75	130	0	0	-8.3646	7.5984	-11.833	10.945	2	2853	1
149	52.891	50	0	0	6.8166	9.0103	7.7462	8.824	2	2579	1
150	92.308	90	0	0	-0.4493	11.149	-1.5195	14.099	2	2683	1
151	97.566	90	0	0	-1.4728	11.088	-3.8062	14.471	2	2669	0
152	137.86	130	0	0	-8.2745	7.4868	-11.738	8.566	2	2449	1
153	52.025	50	0	0	6.8574	8.7851	6.8649	9.7413	2	2522	1
154	63.867	50	0	0	5.0071	10.206	3.7684	11.461	2	2452	1
155	110.03	130	0	0	-3.9016	10.705	-5.2592	13.095	2	2532	1
156	97.141	90	0	0	-1.4345	11.45	-3.568	14.471	2	2484	0
157	77.326	50	0	0	2.5076	11.15	0.60041	14.471	2	2518	0
158	141.21	130	0	0	-9.0702	7.2913	-12.191	6.9607	2	2544	1
159	89.905	90	0	0	0.0189	11.427	-1.5433	14.471	2	2470	0
160	136.63	130	0	0	-8.1794	7.7273	-12.905	8.738	2	2434	1
161	113.17	90	0	0	-4.4247	10.34	-9.0465	12.78	2	2439	1
162	38.379	50	0	0	8.7344	6.9176	8.2226	7.276	2	2555	1
217	136.12	130	0	0	-8.0399	7.7314	-13.525	6.9033	3	2780	1
218	73.638	50	0	0	3.248	11.063	3.0062	14.471	3	2695	0
219	109.03	90	0	0	-3.7236	10.793	-8.5224	13.611	3	2579	1
220	69.803	50	0	0	4.0035	10.883	2.4583	14.471	3	2539	0
221	132.38	130	0	0	-7.566	8.293	-12.5	9.168	3	2519	1
222	87.216	90	0	0	0.5457	11.224	0.3384	13.153	3	2519	1
223	75.673	50	0	0	2.8855	11.298	1.9343	14.471	3	2499	0
224	146.13	130	0	0	-9.3538	6.2778	-13.453	7.6487	3	2459	1
225	98.357	90	0	0	-1.6658	11.34	-6.9027	13.869	3	2480	1
226	77.997	90	0	0	2.375	11.171	-0.66202	14.471	3	2397	0
227	126.14	130	0	0	-6.6244	9.071	-11.071	10.458	3	2399	1
228	76.746	50	0	0	2.6657	11.317	1.4103	14.471	3	2540	0
229	50.621	50	0	0	7.0946	8.6436	6.8887	9.598	3	2479	1
230	87.641	90	0	0	0.4594	11.149	0.076386	13.095	3	2419	1
231	120.95	130	0	0	-5.777	9.6354	-11.238	9.8273	3	2360	1
232	65.917	50	0	0	4.6674	10.443	3.6969	12.493	3	2219	1
233	120.9	130	0	0	-5.9664	9.9703	-8.6415	12.207	3	2479	1
234	83.528	90	0	0	1.2516	11.033	0.98153	12.923	3	2499	1
289	126.4	130	0	0	-6.6181	8.9772	-12.572	9.1107	4	2280	1
290	58.454	50	0	0	6.034	9.8288	6.4838	11.003	4	2359	1
291	77.453	90	0	0	2.4583	11.046	1.6961	14.471	4	2280	0
292	115.85	130	0	0	-4.9369	10.191	-8.5939	14.471	4	2339	0
293	79.622	50	0	0	2.0059	10.953	1.315	14.471	4	2319	0
294	97.525	90	0	0	-1.4948	11.316	-5.283	14.471	4	2460	0
295	108.22	130	0	0	-3.5033	10.643	-7.3791	13.697	4	2299	1
296	109.21	90	0	0	-3.7527	10.772	-9.1417	12.981	4	2319	1
297	49.024	50	0	0	7.442	8.5682	6.9126	10.888	4	2400	1
298	79.595	50	0	0	2.048	11.153	1.577	13.726	4	2210	1
299	127.05	130	0	0	-7.0438	9.3306	-11.357	11.519	4	2479	1
300	78.125	90	0	0	2.3563	11.205	0.43368	14.471	4	2420	0
301	121.31	130	0	0	-5.9797	9.8299	-8.6415	12.637	4	2399	1
302	74.644	50	0	0	2.9969	10.913	1.7199	12.579	4	2379	1
303	109.19	90	0	0	-3.707	10.649	-8.1413	12.608	4	2399	1
304	80.118	50	0	0	1.945	11.165	0.19548	13.554	4	2339	1
305	119.85	130	0	0	-5.614	9.7809	-10.928	11.977	4	2419	1
306	106.56	90	0	0	-3.2243	10.845	-7.9031	12.293	4	2399	1
