Trial#	TargetAngle	ArcAngle	XHomePosition(m)	YHomePosition(m)	XTarget(m)	YTarget(m)	XTouch	YTouch	Block#	Time(ms)
73	-50.5950290997	50	0.0	-0.085	0.071260	-0.171738	962	660	1	7554
74	83.964354022	90	0.0	-0.085	0.012050	0.028966	927	609	1	8262
75	88.548519337	130	0.0	-0.085	0.002876	0.028503	866	651	1	4068
76	-55.5944668079	130	0.0	-0.085	0.063367	-0.177526	1077	476	1	4736
77	-55.3373017746	90	0.0	-0.085	0.064073	-0.177662	921	675	1	4136
78	67.6947861781	50	0.0	-0.085	0.043716	0.021563	830	675	1	7144
79	-56.3883537308	50	0.0	-0.085	0.061470	-0.177479	889	699	1	4342
80	82.2202537321	130	0.0	-0.085	0.015788	0.030559	856	674	1	3260
81	74.2139403132	90	0.0	-0.085	0.031524	0.026507	850	696	1	3363
82	84.0102681596	90	0.0	-0.085	0.012421	0.033382	805	701	1	2605
83	91.1772320839	50	0.0	-0.085	-0.002496	0.036463	783	702	1	3439
84	-10.0251384751	130	0.0	-0.085	0.112383	-0.104867	881	688	1	3761
85	77.475341371	50	0.0	-0.085	0.025011	0.027588	818	661	1	2747
86	86.4842721239	130	0.0	-0.085	0.007171	0.031719	824	687	1	2721
87	84.9478009736	90	0.0	-0.085	0.010297	0.031473	638	681	1	3099
88	89.3924454706	50	0.0	-0.085	0.001225	0.030520	802	642	1	6617
89	86.5079223815	90	0.0	-0.085	0.006852	0.027284	753	687	1	2825
90	80.3508687602	130	0.0	-0.085	0.020140	0.033457	737	663	1	2831
145	81.8635073309	50	0.0	-0.085	0.015972	0.026715	828	753	2	3296
146	93.536273379	90	0.0	-0.085	-0.006939	0.027285	736	713	2	2303
147	107.447188423	130	0.0	-0.085	-0.033880	0.022800	1069	657	2	2129
148	99.2724709348	130	0.0	-0.085	-0.018475	0.028161	830	692	2	2190
149	94.6967821457	90	0.0	-0.085	-0.009481	0.030399	784	703	2	2169
150	70.9743784333	50	0.0	-0.085	0.039209	0.028706	452	586	2	2290
151	114.287092575	130	0.0	-0.085	-0.047745	0.020807	1048	599	2	2242
152	86.4027609206	90	0.0	-0.085	0.007423	0.033076	766	694	2	2193
153	54.8595571358	50	0.0	-0.085	0.068406	0.012186	468	541	2	2333
154	77.7096356713	50	0.0	-0.085	0.024278	0.026439	611	657	2	2197
155	134.394364938	130	0.0	-0.085	-0.079748	-0.003548	1165	511	2	2049
156	103.288671312	90	0.0	-0.085	-0.026248	0.026135	824	675	2	2145
157	102.124442985	130	0.0	-0.085	-0.023868	0.026103	800	648	2	2239
158	89.9769798	90	0.0	-0.085	0.000046	0.029491	815	648	2	2109
159	71.2719475798	50	0.0	-0.085	0.037294	0.025003	530	579	2	2189
160	135.819653016	130	0.0	-0.085	-0.082135	-0.005182	1182	463	2	2029
161	100.007404326	90	0.0	-0.085	-0.020045	0.028595	821	651	2	2173
162	89.0646438185	50	0.0	-0.085	0.001895	0.031069	821	661	2	2245
217	48.5703515873	50	0.0	-0.085	0.077704	0.003046	546	605	3	3909
218	131.539329014	130	0.0	-0.085	-0.073649	-0.001870	1167	538	3	2417
219	95.9823162611	90	0.0	-0.085	-0.011828	0.027871	833	707	3	2310
220	144.319989658	130	0.0	-0.085	-0.090961	-0.019686	1186	498	3	2169
221	73.2299992517	50	0.0	-0.085	0.034038	0.027953	511	605	3	2389
222	139.870857931	90	0.0	-0.085	-0.085201	-0.013180	1184	499	3	2169
223	77.0286622516	90	0.0	-0.085	0.026129	0.028436	562	591	3	2269
224	136.622702339	130	0.0	-0.085	-0.082073	-0.007449	1149	478	3	2149
225	66.4541123281	50	0.0	-0.085	0.046324	0.021305	457	549	3	2305
226	79.644309015	50	0.0	-0.085	0.020709	0.028328	812	669	3	2263
227	142.956269525	130	0.0	-0.085	-0.090500	-0.016695	1166	440	3	2129
228	120.003846469	90	0.0	-0.085	-0.055619	0.011320	1056	618	3	2169
229	84.034145765	90	0.0	-0.085	0.012027	0.030089	590	596	3	2453
230	135.339550678	130	0.0	-0.085	-0.079692	-0.006247	1168	536	3	2109
231	72.0502745078	50	0.0	-0.085	0.035214	0.023702	469	578	3	2273
232	93.2922549828	50	0.0	-0.085	-0.006468	0.027440	817	638	3	2229
233	134.823077386	90	0.0	-0.085	-0.079420	-0.005088	1171	525	3	2149
234	147.064161017	130	0.0	-0.085	-0.093687	-0.024308	1182	499	3	2150
289	46.8248399463	50	0.0	-0.085	0.077168	-0.002753	447	565	4	2830
290	106.267854096	90	0.0	-0.085	-0.031977	0.024581	872	684	4	2329
291	144.376293368	130	0.0	-0.085	-0.092071	-0.019026	1172	569	4	2189
292	136.070193615	130	0.0	-0.085	-0.081252	-0.006728	1105	589	4	2149
293	110.119316576	90	0.0	-0.085	-0.038779	0.020858	869	691	4	2944
294	83.120125388	50	0.0	-0.085	0.013724	0.028744	624	647	4	2231
295	128.513405704	130	0.0	-0.085	-0.068773	0.001418	1036	642	4	2130
296	65.6701307831	50	0.0	-0.085	0.047279	0.019566	486	583	4	2347
297	124.220076307	90	0.0	-0.085	-0.063838	0.008864	994	670	4	2150
298	149.02200012	130	0.0	-0.085	-0.097002	-0.026766	1096	591	4	2149
299	106.068381656	90	0.0	-0.085	-0.031138	0.023104	878	657	4	2296
300	96.8679277271	50	0.0	-0.085	-0.013576	0.027715	732	676	4	2288
301	125.386316111	130	0.0	-0.085	-0.065387	0.007055	990	670	4	2233
302	86.1680000737	90	0.0	-0.085	0.007588	0.028286	682	679	4	2429
303	87.7516610215	50	0.0	-0.085	0.004444	0.028191	622	652	4	2384
304	119.673736304	90	0.0	-0.085	-0.055633	0.012639	850	653	4	2318
305	146.713040791	130	0.0	-0.085	-0.093193	-0.023814	958	653	4	2368
306	90.0925035999	50	0.0	-0.085	-0.000185	0.029587	888	686	4	2240
