Trial#	TargetAngle	ArcAngle	XHomePosition(m)	YHomePosition(m)	XTarget(m)	YTarget(m)	XTouch	YTouch	Block#	Time(ms)
139	136.563534492	90	0.0	-0.085	-0.080842	-0.008454	925	755	1	2259
140	66.9766648254	50	0.0	-0.085	0.045180	0.021317	443	675	1	2159
141	122.363408191	130	0.0	-0.085	-0.061565	0.012148	885	766	1	2219
142	139.578075383	130	0.0	-0.085	-0.084668	-0.012886	1103	621	1	2579
143	73.9966008948	50	0.0	-0.085	0.031198	0.023776	547	697	1	2159
144	134.017499099	90	0.0	-0.085	-0.078802	-0.003448	952	695	1	3506
145	104.880560489	90	0.0	-0.085	-0.028831	0.023503	810	758	1	3161
146	72.9369734179	50	0.0	-0.085	0.032876	0.022111	519	740	1	2140
147	128.265862003	130	0.0	-0.085	-0.069548	0.003171	941	672	1	2119
148	44.7138771388	50	0.0	-0.085	0.081002	-0.004803	355	579	1	2300
149	79.1551196423	90	0.0	-0.085	0.021026	0.024755	594	699	1	2689
150	133.712759959	130	0.0	-0.085	-0.077827	-0.003595	983	712	1	2280
151	115.422050901	90	0.0	-0.085	-0.048169	0.016343	826	756	1	2379
152	50.3049521134	50	0.0	-0.085	0.072451	0.002283	378	605	1	2199
153	120.786136818	130	0.0	-0.085	-0.057367	0.011287	880	723	1	2219
154	70.733365166	90	0.0	-0.085	0.037043	0.020976	560	711	1	2159
155	43.3828957344	50	0.0	-0.085	0.081275	-0.008188	366	604	1	2199
156	107.703584781	130	0.0	-0.085	-0.034007	0.021535	856	704	1	2679
283	145.949707683	130	0.0	-0.085	-0.094228	-0.021322	1154	564	2	2099
284	130.177946754	90	0.0	-0.085	-0.072651	0.001038	977	720	2	3019
285	45.6563393749	50	0.0	-0.085	0.078569	-0.004610	408	634	2	2159
286	50.3935440575	90	0.0	-0.085	0.071074	0.000894	545	717	2	2079
287	31.8512247267	50	0.0	-0.085	0.095106	-0.025914	312	566	2	2199
288	159.319261462	130	0.0	-0.085	-0.105660	-0.045115	1195	539	2	3679
289	138.502791787	130	0.0	-0.085	-0.083546	-0.011092	1112	619	2	3536
290	59.1054947291	50	0.0	-0.085	0.057410	0.010946	497	675	2	2179
291	50.3121195132	90	0.0	-0.085	0.071611	0.001293	513	718	2	2159
292	44.966625703	50	0.0	-0.085	0.079876	-0.005217	377	624	2	2179
293	105.294772177	90	0.0	-0.085	-0.029551	0.023059	768	745	2	2541
294	148.098593691	130	0.0	-0.085	-0.095110	-0.025796	1137	585	2	2868
295	57.8921903476	50	0.0	-0.085	0.059250	0.009424	494	689	2	2159
296	61.3507804592	90	0.0	-0.085	0.054583	0.014908	528	696	2	2229
297	104.417255823	130	0.0	-0.085	-0.027833	0.023267	856	750	2	4630
298	95.7150839423	90	0.0	-0.085	-0.011125	0.026162	751	746	2	3698
299	128.620501443	130	0.0	-0.085	-0.069197	0.001618	989	707	2	2399
300	83.8875765535	50	0.0	-0.085	0.012098	0.027972	655	737	2	2179
427	115.941764316	90	0.0	-0.085	-0.049313	0.016368	892	759	3	2296
428	106.233476841	130	0.0	-0.085	-0.031114	0.021862	879	725	3	2079
429	61.8266103918	50	0.0	-0.085	0.052894	0.013757	477	676	3	2039
430	98.2995103824	130	0.0	-0.085	-0.016218	0.026177	854	758	3	2159
431	92.423926136	90	0.0	-0.085	-0.004717	0.026432	801	752	3	2099
432	36.02793584	50	0.0	-0.085	0.090854	-0.018923	341	579	3	2199
433	73.0710315008	50	0.0	-0.085	0.033376	0.024654	588	732	3	2179
434	103.847376539	130	0.0	-0.085	-0.026890	0.024087	910	723	3	2239
435	73.6878788666	90	0.0	-0.085	0.031332	0.022063	563	730	3	2140
436	127.491635469	90	0.0	-0.085	-0.067028	0.002379	983	703	3	2932
437	76.0221602222	50	0.0	-0.085	0.027012	0.023518	600	700	3	2140
438	132.621304143	130	0.0	-0.085	-0.075634	-0.002810	1092	646	3	3458
439	82.2196526199	90	0.0	-0.085	0.015095	0.025478	721	755	3	2177
440	94.7875254719	130	0.0	-0.085	-0.009544	0.028954	857	755	3	2160
441	67.5741747822	50	0.0	-0.085	0.043689	0.020862	556	710	3	2159
442	79.3528118103	90	0.0	-0.085	0.020879	0.026060	578	734	3	2159
443	99.3137759187	130	0.0	-0.085	-0.017990	0.024693	858	745	3	2136
444	66.3151851476	50	0.0	-0.085	0.046238	0.020409	568	743	3	2099
571	122.605356855	130	0.0	-0.085	-0.060749	0.009971	970	727	4	2068
572	92.5648629376	90	0.0	-0.085	-0.005108	0.029030	594	730	4	1999
573	69.9053725911	50	0.0	-0.085	0.038833	0.021147	464	673	4	2019
574	61.6254774076	90	0.0	-0.085	0.054075	0.015116	513	700	4	2039
575	104.106367984	130	0.0	-0.085	-0.026950	0.022242	860	751	4	2019
576	22.5054995087	50	0.0	-0.085	0.103141	-0.042266	294	504	4	2300
577	119.744626224	90	0.0	-0.085	-0.055292	0.011762	953	737	4	5710
578	79.6405722365	50	0.0	-0.085	0.020328	0.026202	656	731	4	2120
579	131.167381113	130	0.0	-0.085	-0.073661	-0.000761	1031	684	4	2299
580	65.0216031614	50	0.0	-0.085	0.047954	0.017939	545	721	4	2139
581	103.59635725	130	0.0	-0.085	-0.026386	0.024097	876	742	4	2259
582	77.1939340973	90	0.0	-0.085	0.025333	0.026449	594	722	4	3512
583	105.733201508	130	0.0	-0.085	-0.030272	0.022457	835	741	4	2119
584	58.5240686984	50	0.0	-0.085	0.059063	0.011473	465	692	4	2079
585	92.6447415444	90	0.0	-0.085	-0.005143	0.026339	693	759	4	2139
586	138.757932111	130	0.0	-0.085	-0.085399	-0.010128	1087	614	4	2079
587	119.602351797	90	0.0	-0.085	-0.055689	0.013021	907	732	4	2259
588	77.4581574732	50	0.0	-0.085	0.024537	0.025298	605	720	4	2139
