-0.015013
0.035638
0.069196
0.018230
-0.062400
0.019328
0.000067
0.042898
0.050411
0.028359
-0.094939
-0.006142
0.015951
0.036082
0.015424
0.034613
-0.073354
0.011104
0.055271
0.023047
-0.085986
0.000013
-0.065190
0.016729
0.102879
-0.018138
-0.104737
-0.021789
-0.078106
0.007165
-0.001248
0.036038
-0.033420
0.032420
-0.048086
0.025933
0.076166
0.009242
-0.083022
0.005073
0.018539
0.035507
-0.061689
0.018276
0.001598
0.035100
0.024695
0.034559
-0.084383
0.002613
-0.044764
0.026581
-0.021049
0.035523
-0.091790
-0.007596
0.089848
-0.005271
0.074757
0.008889
0.109320
-0.034648
-0.044507
0.028069
-0.019593
0.034279
-0.078146
0.008324
0.007045
0.036336
-0.043649
0.029998
-0.039991
0.028371
-0.085393
0.000520
0.063054
0.020091
0.066363
0.016093
-0.045748
0.027005
0.054212
0.022509
-0.019158
0.033878
0.100016
-0.018543
0.023707
0.034359
-0.052808
0.024333
0.042645
0.029382
-0.033681
0.032563
-0.078936
0.005617
-0.044620
0.026603
0.089352
-0.002458
-0.032885
0.030781
0.004953
0.037159
0.052523
0.025939
-0.088639
-0.003016
0.020444
0.034953
0.046418
0.026030
0.059473
0.022444
-0.038240
0.029481
0.041835
0.030420
-0.067589
0.017455
0.091896
-0.006362
-0.034273
0.031468
-0.071436
0.012707
0.102526
-0.019448
0.072685
0.011781
-0.081511
0.004073
0.023820
0.034169
0.073491
0.010525
-0.042897
0.027956
-0.028882
0.031998
-0.006629
0.037077
