Trial#	TargetAngle	ArcAngle	XHomePosition(m)	YHomePosition(m)	XTarget(m)	YTarget(m)	XTouch	YTouch	Block#	Time(ms)
91	112.743817048	90	0.0	-0.085	-0.047770	0.028953	840	745	1	3900
92	150.596321474	130	0.0	-0.085	-0.105624	-0.025475	1159	589	1	2499
93	60.0759673	50	0.0	-0.085	0.060316	0.019791	348	601	1	2816
94	135.916504211	130	0.0	-0.085	-0.086882	-0.000854	1117	620	1	2359
95	118.010294962	90	0.0	-0.085	-0.056500	0.021215	915	715	1	2955
96	56.90243404	50	0.0	-0.085	0.067078	0.017907	287	493	1	3183
97	100.122153678	90	0.0	-0.085	-0.021090	0.033134	751	754	1	3069
98	88.4006578501	50	0.0	-0.085	0.003454	0.038706	614	750	1	2728
99	150.384395698	130	0.0	-0.085	-0.104662	-0.025506	1171	519	1	2499
100	116.096653103	130	0.0	-0.085	-0.053374	0.023966	916	729	1	2699
101	87.9124140241	50	0.0	-0.085	0.004396	0.035599	591	770	1	2700
102	109.212324119	90	0.0	-0.085	-0.040344	0.030772	869	763	1	2420
103	115.077394838	90	0.0	-0.085	-0.051407	0.024855	890	757	1	2320
104	114.35705933	130	0.0	-0.085	-0.050075	0.025610	902	749	1	2540
105	85.5289731629	50	0.0	-0.085	0.009696	0.039001	599	758	1	2521
106	124.619293187	130	0.0	-0.085	-0.068605	0.014377	943	724	1	2380
107	119.910366649	90	0.0	-0.085	-0.059895	0.019117	939	747	1	2359
108	75.1379601112	50	0.0	-0.085	0.031397	0.033314	540	731	1	2479
235	75.2721005922	50	0.0	-0.085	0.030530	0.031143	541	698	2	3786
236	113.338840369	90	0.0	-0.085	-0.048028	0.026312	870	722	2	2299
237	127.002945512	130	0.0	-0.085	-0.073349	0.012327	1016	704	2	2259
238	123.240172282	90	0.0	-0.085	-0.066914	0.017099	963	732	2	2531
239	120.688935813	130	0.0	-0.085	-0.062428	0.020187	917	747	2	2547
240	51.7496813764	50	0.0	-0.085	0.075354	0.010585	327	558	2	2890
241	127.20259441	130	0.0	-0.085	-0.072890	0.011020	948	711	2	2220
242	91.4863038103	50	0.0	-0.085	-0.003171	0.037212	590	713	2	2259
243	90.1700859239	90	0.0	-0.085	-0.000357	0.035260	629	754	2	2380
244	136.336263591	130	0.0	-0.085	-0.086950	-0.002014	1094	619	2	2419
245	119.001412184	90	0.0	-0.085	-0.058840	0.021144	896	697	2	2379
246	66.7462493865	50	0.0	-0.085	0.047655	0.025900	398	636	2	2399
247	94.9030812759	50	0.0	-0.085	-0.010310	0.035185	600	734	2	2379
248	106.698475929	130	0.0	-0.085	-0.034891	0.031309	904	743	2	2559
249	124.224789797	90	0.0	-0.085	-0.067913	0.014838	945	701	2	2579
250	133.513858471	130	0.0	-0.085	-0.082880	0.002295	1058	655	2	2639
251	84.6508067791	50	0.0	-0.085	0.011352	0.036239	607	729	2	2619
252	89.6953167115	90	0.0	-0.085	0.000639	0.035163	576	744	2	2699
379	140.532948729	130	0.0	-0.085	-0.096179	-0.005809	1124	617	3	2860
380	67.4648040188	50	0.0	-0.085	0.047680	0.029910	456	691	3	2339
381	111.909618743	90	0.0	-0.085	-0.045531	0.028207	909	753	3	2060
382	109.996533696	130	0.0	-0.085	-0.042138	0.030795	914	736	3	2100
383	95.7415203059	50	0.0	-0.085	-0.012319	0.037522	622	776	3	2139
384	118.43364151	90	0.0	-0.085	-0.057147	0.020543	935	758	3	2079
385	82.2753247457	90	0.0	-0.085	0.016841	0.039156	582	759	3	2239
386	128.966010101	130	0.0	-0.085	-0.075475	0.008317	1050	673	3	2119
387	91.0304318991	50	0.0	-0.085	-0.002222	0.038538	634	759	3	2319
388	88.6065658828	50	0.0	-0.085	0.002983	0.037632	611	745	3	2319
389	85.5958665095	90	0.0	-0.085	0.009325	0.036075	581	740	3	2499
390	126.533857248	130	0.0	-0.085	-0.072654	0.013065	916	724	3	2479
391	126.723050673	90	0.0	-0.085	-0.073024	0.012887	962	728	3	2659
392	54.2538608501	50	0.0	-0.085	0.070257	0.012607	281	510	3	2615
393	119.883253795	130	0.0	-0.085	-0.061797	0.022541	829	749	3	2459
394	52.7059266944	50	0.0	-0.085	0.072972	0.010810	313	581	3	2582
395	95.9157366804	90	0.0	-0.085	-0.012454	0.035192	609	749	3	2699
396	129.18387402	130	0.0	-0.085	-0.077425	0.009987	926	732	3	2579
523	112.677995686	90	0.0	-0.085	-0.048291	0.030568	837	745	4	4668
524	75.4769448357	50	0.0	-0.085	0.030817	0.033963	564	728	4	2400
525	133.958532619	130	0.0	-0.085	-0.083443	0.001533	1101	607	4	2060
526	126.635860339	130	0.0	-0.085	-0.071700	0.011418	1021	693	4	2259
527	117.523250547	90	0.0	-0.085	-0.055586	0.021674	942	740	4	2110
528	59.3298067813	50	0.0	-0.085	0.061620	0.018903	347	608	4	2199
529	126.439013969	130	0.0	-0.085	-0.071621	0.012006	969	718	4	2079
530	89.6586518307	50	0.0	-0.085	0.000724	0.036523	1439	140	4	2179
531	86.0110913094	90	0.0	-0.085	0.008442	0.036063	1439	146	4	2259
532	94.3662549549	50	0.0	-0.085	-0.009289	0.036658	679	691	4	2199
533	86.341136396	90	0.0	-0.085	0.007716	0.035664	630	747	4	2299
534	127.83050446	130	0.0	-0.085	-0.073658	0.009855	996	690	4	2359
535	122.407532569	130	0.0	-0.085	-0.064557	0.016696	934	656	4	2379
536	99.0229042102	50	0.0	-0.085	-0.018917	0.034129	605	706	4	2449
537	94.4481228604	90	0.0	-0.085	-0.009338	0.035040	660	746	4	2359
538	127.370276487	130	0.0	-0.085	-0.073560	0.011316	908	694	4	2079
539	118.934323624	90	0.0	-0.085	-0.059095	0.021899	871	720	4	2239
540	83.5722353674	50	0.0	-0.085	0.013880	0.038204	593	745	4	2280
