trial	targetangle_deg	arcangle_deg	homex_cm	homey_cm	handx_cm	handy_cm	tapx_cm	tapy_cm	block	time_ms	selected
91	108.25	90	0	0	-3.7973	11.514	1.4817	12.78	1	3618	1
92	132.76	130	0	0	-8.2296	8.8987	-6.2119	11.289	1	2909	1
93	35.352	50	0	0	10.085	7.1539	10.319	7.1327	1	2649	1
94	118.2	130	0	0	-5.678	10.589	-5.021	11.691	1	3039	1
95	107.82	50	0	0	-3.6799	11.449	1.9581	10.659	1	4214	1
96	69.598	90	0	0	4.3438	11.679	5.7216	10.085	1	3897	1
97	138.51	130	0	0	-9.1303	8.0757	-6.6883	10.429	1	3009	1
98	128.63	90	0	0	-7.5879	9.4958	-4.7113	12.207	1	2709	1
99	39.136	50	0	0	9.3876	7.6389	8.7467	8.2507	1	2989	1
100	93.115	130	0	0	-0.6713	12.334	-4.1397	11.433	1	3139	1
101	58.533	50	0	0	6.2871	10.273	7.4366	9.426	1	2629	1
102	89.553	90	0	0	0.0992	12.708	1.6723	12.35	1	2963	1
103	141.46	130	0	0	-9.7607	7.7754	-9.9754	7.276	1	2989	1
104	96.173	90	0	0	-1.3512	12.492	-0.32854	12.78	1	2389	1
105	95.081	50	0	0	-1.1056	12.435	1.9343	12.149	1	2997	1
106	24.6	50	0	0	10.945	5.0112	11.176	4.782	1	2509	1
107	76.573	90	0	0	2.8139	11.787	3.3397	11.404	1	2620	1
108	118.01	130	0	0	-5.8287	10.956	-5.7832	10.802	1	3034	1
235	96.35	90	0	0	-1.3511	12.141	2.5774	12.407	2	2770	1
236	80.427	50	0	0	2.1121	12.523	4.5544	11.461	2	2529	1
237	103.8	130	0	0	-2.9915	12.183	-2.4485	12.493	2	2349	1
238	99.211	50	0	0	-1.971	12.155	2.1963	12.207	2	2209	1
239	88.246	90	0	0	0.3816	12.462	2.8156	11.863	2	2249	1
240	145.6	130	0	0	-10.145	6.9462	-9.8563	7.7633	2	2429	1
241	131.06	130	0	0	-8.0434	9.2328	-7.7602	9.5693	2	2389	1
242	73.931	90	0	0	3.4178	11.866	3.7446	11.289	2	2489	1
243	102.52	50	0	0	-2.691	12.121	1.7199	12.407	2	2410	1
244	17.926	50	0	0	11.655	3.7702	11.534	3.8933	2	3450	1
245	88.508	90	0	0	0.3262	12.52	3.6493	12.035	2	2450	1
246	151.01	130	0	0	-10.912	6.0465	-9.1417	8.8813	2	2289	1
247	102.83	90	0	0	-2.7467	12.062	0.14784	12.694	2	2329	1
248	161.47	130	0	0	-11.761	3.9413	-10.952	5.2693	2	2346	1
249	78.312	50	0	0	2.478	11.979	3.5064	11.117	2	2249	1
250	101.84	130	0	0	-2.5021	11.931	-3.4727	12.493	2	2129	1
251	99.501	90	0	0	-2.0303	12.131	-0.066531	12.665	2	2189	1
252	87.533	50	0	0	0.5334	12.382	3.4587	12.063	2	3109	1
379	98.941	90	0	0	-1.8655	11.857	1.8152	12.694	3	2970	1
380	108	130	0	0	-3.8065	11.717	-2.7581	12.837	3	2409	1
381	103.18	50	0	0	-2.8281	12.075	2.0296	12.178	3	2289	1
382	102.67	130	0	0	-2.6688	11.871	-4.2349	11.777	3	2269	1
383	120.13	90	0	0	-6.3235	10.896	-4.4255	12.608	3	2767	1
384	53.949	50	0	0	7.2239	9.9244	7.8653	7.7347	3	3391	1
385	104.58	130	0	0	-3.0446	11.704	-4.2349	12.121	3	2329	1
386	100.58	90	0	0	-2.2945	12.283	-0.30473	12.895	3	3797	1
387	110.32	50	0	0	-4.2006	11.344	2.0772	11.777	3	2952	1
388	70.274	50	0	0	4.1659	11.618	4.3877	11.461	3	2450	1
389	74.103	90	0	0	3.3246	11.673	3.0538	11.576	3	2868	1
390	137.52	130	0	0	-9.1158	8.3468	-8.4272	10.171	3	2410	1
391	60.116	50	0	0	6.1411	10.687	6.2456	10.515	3	2489	1
392	78.677	90	0	0	2.3745	11.858	2.1963	12.264	3	2289	1
393	140.04	130	0	0	-9.3057	7.7978	-10.595	6.846	3	2696	1
394	55.259	50	0	0	6.9154	9.972	8.0083	9.5693	3	2529	1
395	88.914	130	0	0	0.2327	12.279	-2.5438	11.891	3	2449	1
396	142.95	90	0	0	-9.7095	7.3305	-5.7117	10.745	3	2489	1
523	117.48	130	0	0	-5.7599	11.075	-4.2826	12.006	4	2870	1
524	90.427	50	0	0	-0.0947	12.715	2.2916	11.834	4	2310	1
525	54.464	90	0	0	7.1427	10	5.3167	10.859	4	2409	1
526	95.437	90	0	0	-1.1562	12.147	0.86243	12.579	4	2129	1
527	67.24	50	0	0	4.8702	11.608	5.6978	10.659	4	2249	1
528	124.46	130	0	0	-7.0457	10.267	-9.6419	7.9353	4	2642	1
529	55.883	50	0	0	7.0276	10.373	7.651	9.5407	4	2349	1
530	111	130	0	0	-4.3693	11.384	-5.6879	11.691	4	2744	1
531	140.7	90	0	0	-9.6837	7.9257	-5.9738	10.945	4	2369	1
532	121.27	90	0	0	-6.3471	10.453	-5.0924	11.49	4	2289	1
533	111.21	130	0	0	-4.4716	11.524	-5.021	12.178	4	3158	1
534	73.124	50	0	0	3.4944	11.519	5.007	11.49	4	2389	1
535	48.843	50	0	0	8.138	9.3102	7.8892	9.2253	4	2289	1
536	65.508	90	0	0	5.0764	11.143	3.03	11.605	4	2209	1
537	151.46	130	0	0	-11.05	6.0098	-11.047	5.384	4	2209	1
538	70.601	90	0	0	4.0487	11.498	5.0785	10.831	4	2820	1
539	131.25	130	0	0	-8.0776	9.2121	-8.6415	8.394	4	2249	1
540	41.765	50	0	0	9.1982	8.214	7.0078	9.6267	4	2410	1
