trial	targetangle_deg	arcangle_deg	homex_cm	homey_cm	handx_cm	handy_cm	tapx_cm	tapy_cm	block	time_ms	selected
73	41.084	50	0	0	8.3678	7.2955	8.2703	9.1107	1	4326	1
74	117.22	130	0	0	-5.2389	10.187	-4.6875	11.949	1	4336	1
75	102.85	90	0	0	-2.699	11.83	-3.2107	12.751	1	4168	1
76	64.635	90	0	0	5.0802	10.716	5.0308	11.06	1	4168	1
77	126.68	130	0	0	-6.7255	9.0287	-5.4259	10.917	1	3840	1
78	57.978	50	0	0	6.1982	9.9106	4.3162	10.257	1	3954	1
79	74.343	50	0	0	3.0522	10.89	4.8641	9.9707	1	4134	1
80	99.245	130	0	0	-1.7901	10.998	-2.8058	12.436	1	3014	1
81	106.53	90	0	0	-3.3029	11.127	-2.7819	12.321	1	2869	1
82	48.828	50	0	0	7.8133	8.9338	9.6756	7.4767	1	3378	1
83	72.063	90	0	0	3.5724	11.036	5.1737	11.117	1	3761	1
84	132.75	130	0	0	-7.9067	8.5522	-6.998	10.401	1	4003	1
85	112.41	90	0	0	-4.4128	10.7	-2.8296	11.977	1	3370	1
86	59.868	50	0	0	6.0387	10.404	7.3651	9.512	1	3333	1
87	111.76	130	0	0	-4.2015	10.524	-3.306	11.949	1	2909	1
88	140.51	130	0	0	-8.6698	7.144	-10.166	6.0147	1	3569	1
89	58.53	50	0	0	6.066	9.9105	6.6267	10.315	1	3385	1
90	109.96	90	0	0	-3.9996	11.014	-2.8058	12.063	1	3535	1
145	87.08	90	0	0	0.5873	11.513	3.9351	11.347	2	3541	1
146	61.085	50	0	0	5.6682	10.262	6.4124	10.401	2	4138	1
147	108.95	130	0	0	-3.6997	10.775	-2.7343	11.891	2	2748	1
148	75.947	90	0	0	2.79	11.146	3.2682	10.085	2	4812	1
149	141.89	130	0	0	-9.0754	7.1198	-9.8563	8.1073	2	2845	1
150	57.733	50	0	0	6.2231	9.8564	9.4612	7.878	2	3031	1
151	47.823	50	0	0	7.5198	8.3	8.7943	8.7953	2	2689	1
152	133.1	130	0	0	-7.8794	8.4194	-6.8313	9.8847	2	2569	1
153	87.854	90	0	0	0.4355	11.621	2.3392	12.235	2	2995	1
154	153.24	130	0	0	-10.111	5.098	-11.333	5.47	2	2649	1
155	68.712	90	0	0	4.1321	10.605	5.674	10.487	2	2629	1
156	75.745	50	0	0	2.8094	11.058	5.2214	10.888	2	2709	1
157	112.87	130	0	0	-4.4271	10.498	-2.9249	12.264	2	2629	1
158	54.324	50	0	0	7.1655	9.9808	8.3894	8.9387	2	3491	1
159	99.478	90	0	0	-1.9153	11.472	1.315	12.608	2	3075	1
160	39.083	50	0	0	8.8693	7.2036	9.5803	7.362	2	2889	1
161	103	90	0	0	-2.6749	11.584	-1.2813	12.063	2	3391	1
162	143.21	130	0	0	-9.0433	6.7636	-9.9992	6.1007	2	3147	1
217	45.178	50	0	0	8.0075	8.0573	6.9602	10.544	3	2879	1
218	105.3	130	0	0	-3.018	11.029	-2.9249	12.264	3	3808	1
219	66.197	90	0	0	4.7028	10.661	3.1491	11.748	3	3712	1
220	92.994	50	0	0	-0.6364	12.168	1.4103	12.321	3	3884	1
221	80.47	90	0	0	1.838	10.948	3.3873	12.092	3	3390	1
222	136.35	130	0	0	-8.4857	8.0961	-9.9516	7.8207	3	2890	1
223	78.886	50	0	0	2.1641	11.016	5.4596	10.917	3	2649	1
224	75.318	90	0	0	2.8814	10.997	4.6259	11.433	3	3314	1
225	140.9	130	0	0	-8.7684	7.1268	-10.047	6.7027	3	5231	1
226	116.33	130	0	0	-4.9619	10.026	-4.759	10.945	3	2749	1
227	89.485	90	0	0	0.1005	11.174	1.5056	12.407	3	2837	1
228	74.685	50	0	0	2.9822	10.89	4.4115	9.6267	3	3833	0
229	101.14	90	0	0	-2.1884	11.113	-0.16181	10.802	3	2748	0
230	137.74	130	0	0	-8.396	7.6297	-9.1656	8.2507	3	3153	1
231	49.663	50	0	0	7.4558	8.78	8.6514	8.6807	3	2749	1
232	128.44	130	0	0	-7.0339	8.8629	-5.7117	11.003	3	4445	1
233	93.313	90	0	0	-0.6492	11.215	1.7199	12.149	3	3088	1
234	62.025	50	0	0	5.3731	10.116	5.8169	10.831	3	2669	1
289	75.196	90	0	0	3.013	11.4	3.959	11.146	4	3044	1
290	139.56	130	0	0	-8.9435	7.6227	-9.2608	8.1073	4	2669	1
291	56.221	50	0	0	6.3384	9.4757	6.6506	9.942	4	4224	1
292	98.877	130	0	0	-1.864	11.935	-2.8058	12.465	4	2569	1
293	133.62	90	0	0	-7.8142	8.1994	-5.9738	10.974	4	4224	1
294	59.04	50	0	0	5.9581	9.9317	5.4119	11.003	4	2525	1
295	112.48	130	0	0	-4.3528	10.518	-3.9967	10.974	4	3775	1
296	49.624	50	0	0	7.3477	8.6409	8.4847	8.6807	4	2569	1
297	79.661	90	0	0	2.0916	11.465	3.3635	11.777	4	3024	1
298	137.73	130	0	0	-8.2302	7.4813	-9.2608	8.394	4	2509	1
299	91.338	90	0	0	-0.265	11.344	1.577	12.321	4	2535	1
300	56.508	50	0	0	6.2607	9.4618	6.6267	9.9133	4	3286	1
301	28.822	50	0	0	9.9558	5.4782	9.6042	6.4733	4	3504	1
302	120.21	90	0	0	-6.0019	10.308	-5.021	11.06	4	2669	1
303	144.88	130	0	0	-9.5571	6.7213	-7.6888	9.082	4	2819	1
304	99.964	130	0	0	-1.9435	11.063	-2.639	12.178	4	2880	1
305	62.62	50	0	0	5.2963	10.226	5.4358	10.63	4	3034	1
306	79.643	90	0	0	2.0783	11.372	4.0066	11.146	4	2709	1
