-0.037973
0.030139
-0.082296
0.003987
0.100845
-0.013461
-0.056780
0.020891
-0.036799
0.029490
0.043438
0.031786
-0.091303
-0.004243
-0.075879
0.009958
0.093876
-0.008611
-0.006713
0.038344
0.062871
0.017728
0.000992
0.042083
-0.097607
-0.007246
-0.013512
0.039919
-0.011056
0.039349
0.109455
-0.034888
0.028139
0.032866
-0.058287
0.024564
-0.013511
0.036412
0.021121
0.040233
-0.029915
0.036831
-0.019710
0.036548
0.003816
0.039619
-0.101446
-0.015538
-0.080434
0.007328
0.034178
0.033656
-0.026910
0.036206
0.116548
-0.047298
0.003262
0.040201
-0.109116
-0.024535
-0.027467
0.035615
-0.117607
-0.045587
0.024780
0.034789
-0.025021
0.034314
-0.020303
0.036308
0.005334
0.038817
-0.018655
0.033571
-0.038065
0.032173
-0.028281
0.035749
-0.026688
0.033706
-0.063235
0.023960
0.072239
0.014244
-0.030446
0.032041
-0.022945
0.037828
-0.042006
0.028440
0.041659
0.031181
0.033246
0.031734
-0.091158
-0.001532
0.061411
0.021867
0.023745
0.033585
-0.093057
-0.007022
0.069154
0.014720
0.002327
0.037792
-0.097095
-0.011695
-0.057599
0.025747
-0.000947
0.042148
0.071427
0.015003
-0.011562
0.036470
0.048702
0.031083
-0.070457
0.017673
0.070276
0.018730
-0.043693
0.028845
-0.096837
-0.005743
-0.063471
0.019530
-0.044716
0.030235
0.034944
0.030186
0.081380
0.008102
0.050764
0.026433
-0.110495
-0.024902
0.040487
0.029977
-0.080776
0.007121
0.091982
-0.002860
