trial	targetangle_deg	arcangle_deg	homex_cm	homey_cm	handx_cm	handy_cm	tapx_cm	tapy_cm	block	time_ms	selected
139	150.63	130	0	0	-9.7765	5.502	-6.7579	10.024	1	2939	1
140	75.12	50	0	0	2.9011	10.918	5.7235	10.798	1	2473	1
141	104.28	90	0	0	-2.7594	10.842	0.62618	12.059	1	2518	1
142	79.497	50	0	0	2.0218	10.906	4.5564	10.769	1	2568	1
143	162.83	130	0	0	-10.914	3.3712	-8.5443	7.616	1	2401	1
144	102.44	90	0	0	-2.3779	10.781	0.95965	11.916	1	2490	1
145	85.143	90	0	0	0.9647	11.354	3.6274	11.199	1	3522	1
146	153.68	130	0	0	-10.16	5.0267	-6.7817	8.9633	1	2139	1
147	81.169	50	0	0	1.7312	11.143	4.9613	10.569	1	2426	1
148	102.49	90	0	0	-2.4002	10.833	0.88819	12.002	1	3792	1
149	49.255	50	0	0	7.4104	8.6017	7.6529	8.82	1	2244	1
150	142.47	130	0	0	-9.0086	6.921	-5.0905	10.769	1	2246	1
151	109.03	90	0	0	-3.6638	10.624	-1.4938	11.859	1	2544	1
152	140.54	130	0	0	-8.6552	7.124	-5.2572	10.54	1	2406	1
153	43.181	50	0	0	8.4231	7.9045	9.4632	7.7307	1	2480	1
154	74.24	50	0	0	3.0254	10.72	4.6993	10.798	1	2546	1
155	124.33	90	0	0	-6.2595	9.1652	-3.6137	11.744	1	3489	1
156	135.86	130	0	0	-8.0245	7.7874	-4.6617	10.368	1	2136	1
283	160.54	130	0	0	-10.679	3.7728	-10.164	6.928	2	2574	1
284	123.33	90	0	0	-6.1941	9.4178	-4.0424	11.199	2	2324	1
285	85.75	50	0	0	0.8515	11.458	3.5083	11.257	2	2192	1
286	151.24	130	0	0	-9.8752	5.4196	-7.8774	8.4473	2	2100	1
287	87.16	50	0	0	0.5534	11.157	3.8894	10.741	2	2290	1
288	112.48	90	0	0	-4.3275	10.456	-0.63625	11.945	2	2210	1
289	104.96	90	0	0	-2.9267	10.954	-0.96973	11.916	2	2338	1
290	150.77	130	0	0	-9.8175	5.4933	-8.0203	9.1353	2	2120	1
291	87.294	50	0	0	0.5324	11.265	4.1276	11.085	2	2586	1
292	72.184	50	0	0	3.4397	10.703	5.2472	10.081	2	3072	1
293	105.22	90	0	0	-2.92	10.731	-0.35042	11.658	2	2308	1
294	132.56	130	0	0	-7.6788	8.3616	-4.5426	10.913	2	2352	1
295	166.55	130	0	0	-11.16	2.6698	-10.283	5.294	2	2508	1
296	124.29	90	0	0	-6.3226	9.2711	-3.2564	11.142	2	2448	1
297	67.406	50	0	0	4.3968	10.566	5.9141	10.139	2	2400	1
298	80.204	50	0	0	1.9111	11.068	5.1995	10.913	2	2394	1
299	117.98	90	0	0	-5.2701	9.9182	-0.94591	11.859	2	2278	1
300	125.78	130	0	0	-6.5693	9.1152	-2.8276	11.113	2	3401	1
427	72.287	50	0	0	3.4927	10.936	4.9613	10.139	3	2197	1
428	152.07	130	0	0	-9.8134	5.2032	-6.4006	10.683	3	2119	1
429	130.97	90	0	0	-7.3099	8.4176	-4.0663	11.257	3	2019	1
430	79.379	50	0	0	2.1019	11.209	4.7231	10.54	3	2279	1
431	126.55	90	0	0	-6.6176	8.9275	-2.4942	11.916	3	2067	1
432	150.88	130	0	0	-9.8118	5.4661	-6.7579	9.9953	3	2200	1
433	130.92	130	0	0	-7.4585	8.6041	-3.566	11.601	3	2279	1
434	77.339	50	0	0	2.4468	10.892	4.1276	11.113	3	2172	1
435	100.69	90	0	0	-2.0751	10.994	-0.70771	11.945	3	2139	1
436	126.6	90	0	0	-6.6187	8.9121	-2.9467	11.773	3	2019	1
437	130.72	130	0	0	-7.3458	8.5357	-3.2564	11.601	3	2257	1
438	73.957	50	0	0	3.0769	10.7	4.342	11.199	3	2185	1
439	95.549	90	0	0	-1.099	11.311	1.579	11.199	3	2111	1
440	61.02	50	0	0	5.5354	9.9943	6.2237	10.139	3	2098	1
441	143.93	130	0	0	-9.0549	6.5946	-6.5197	9.4507	3	2139	1
442	132.75	130	0	0	-7.7949	8.4338	-4.5426	11.658	3	2059	1
443	123.6	90	0	0	-6.1775	9.2975	-3.2326	11.285	3	2181	1
444	75.523	50	0	0	2.8463	11.024	4.7231	11.171	3	2363	1
571	73.26	50	0	0	3.2673	10.863	4.604	10.941	4	2301	1
572	141.05	130	0	0	-8.7675	7.0875	-4.4235	11.257	4	1960	1
573	125.51	90	0	0	-6.6514	9.3231	-2.7085	11.515	4	1960	1
574	111.21	90	0	0	-4.0865	10.532	-1.1365	11.658	4	2028	1
575	72.747	50	0	0	3.3754	10.869	4.6278	11.343	4	2019	1
576	144.13	130	0	0	-9.0635	6.5539	-6.472	10.425	4	2000	1
577	114.42	90	0	0	-4.7626	10.488	-2.2083	11.457	4	2099	1
578	74.876	50	0	0	2.9444	10.895	3.9133	10.913	4	2070	1
579	151.53	130	0	0	-9.9911	5.4189	-6.4958	10.225	4	2079	1
580	142.45	130	0	0	-8.8757	6.8221	-6.0194	10.626	4	2099	1
581	116.12	90	0	0	-4.9259	10.045	-2.2322	11.715	4	2106	1
582	87.978	50	0	0	0.3936	11.149	4.2944	10.769	4	2136	1
583	85.743	50	0	0	0.8288	11.134	3.294	11.515	4	2136	1
584	138.73	130	0	0	-8.4062	7.3761	-4.0424	11.486	4	2113	1
585	113.73	90	0	0	-4.5253	10.296	-1.7796	11.228	4	2068	1
586	138.57	130	0	0	-8.7309	7.7068	-4.8999	10.511	4	2120	1
587	119.39	90	0	0	-5.6186	9.9764	-2.8991	11.314	4	2019	1
588	83.155	50	0	0	1.3469	11.22	3.6989	11.4	4	2019	1
