trial	targetangle_deg	arcangle_deg	homex_cm	homey_cm	handx_cm	handy_cm	tapx_cm	tapy_cm	block	time_ms	selected
91	63.989	50	0	0	5.31	10.882	6.0808	11.219	1	3733	1
92	120.97	130	0	0	-6.2339	10.388	-6.8531	12.739	1	2549	1
93	88.409	90	0	0	0.3364	12.108	0.93583	11.477	1	2524	1
94	125.37	130	0	0	-7.0086	9.872	-7.6154	11.563	1	2609	1
95	75.894	50	0	0	2.985	11.879	2.5556	13.599	1	2369	1
96	116.61	90	0	0	-5.4669	10.911	-4.2092	12.968	1	2469	1
97	88.555	130	0	0	0.3029	12.004	2.7223	11.936	1	2610	1
98	95.932	90	0	0	-1.2491	12.023	1.6742	13.14	1	2683	1
99	92.373	50	0	0	-0.5024	12.122	2.3174	11.592	1	2850	1
100	87.982	50	0	0	0.4301	12.206	2.889	12.939	1	2509	1
101	141.32	130	0	0	-9.3953	7.5215	-11.022	8.0947	1	2310	1
102	110.34	90	0	0	-4.1859	11.292	-3.1373	13.398	1	2409	1
103	79.082	90	0	0	2.3315	12.086	3.6751	10.675	1	2429	1
104	122.17	130	0	0	-6.5279	10.376	-4.7094	11.793	1	2349	1
105	65.684	50	0	0	4.9931	11.05	4.2467	9.9007	1	2551	1
106	128.07	130	0	0	-7.5112	9.5901	-7.3295	10.388	1	2409	1
107	84.772	50	0	0	1.0944	11.961	5.5568	9.872	1	2669	1
108	105.99	90	0	0	-3.317	11.573	-4.3997	11.821	1	2509	1
235	57.454	50	0	0	6.4754	10.146	8.4866	10.159	2	3130	1
236	120.65	130	0	0	-6.1952	10.454	-6.2576	13.083	2	2409	1
237	71.928	90	0	0	3.8003	11.646	5.3662	11.019	2	2629	1
238	82.85	50	0	0	1.5186	12.106	2.5079	13.111	2	2549	1
239	148.14	130	0	0	-10.218	6.3502	-11.474	9.098	2	2569	1
240	109.38	90	0	0	-4.0448	11.501	-1.8034	12.309	2	2749	1
241	103.55	90	0	0	-2.822	11.706	-0.96973	12.395	2	2649	1
242	136.69	130	0	0	-9.0031	8.4882	-8.5919	8.8973	2	2389	1
243	73.568	50	0	0	3.4678	11.759	5.7235	10.359	2	2549	1
244	89.677	50	0	0	0.0682	12.084	2.5794	11.162	2	2649	1
245	139.96	90	0	0	-9.4829	7.9697	-8.3061	10.847	2	2249	1
246	134.48	130	0	0	-8.4599	8.6157	-8.3538	8.7827	2	2329	1
247	104.75	130	0	0	-3.0753	11.68	-1.0888	12.423	2	3155	1
248	52.226	50	0	0	7.4401	9.6006	8.7724	6.0593	2	2569	1
249	106.44	90	0	0	-3.3978	11.517	-0.30278	13.14	2	2449	1
250	131.59	130	0	0	-8.057	9.0788	-5.2572	11.076	2	2329	1
251	91.052	50	0	0	-0.2263	12.321	1.6504	10.933	2	2610	1
252	133.05	90	0	0	-8.1947	8.7734	-7.5201	9.9867	2	2470	1
379	118.06	130	0	0	-5.7884	10.86	-4.1615	13.57	3	2609	1
380	61.509	50	0	0	5.8053	10.696	5.8903	9.1553	3	2189	1
381	108.56	90	0	0	-3.8639	11.508	-0.2075	12.739	3	2269	1
382	64.763	50	0	0	5.2753	11.192	6.8192	9.8147	3	2269	1
383	131.2	130	0	0	-8.0934	9.2453	-4.9714	10.101	3	2369	1
384	99.853	90	0	0	-2.1284	12.254	0.054511	13.14	3	2289	1
385	71.057	90	0	0	3.901	11.366	5.3424	11.162	3	2329	1
386	121.48	130	0	0	-6.3359	10.347	-2.4465	12.395	3	2329	1
387	64.309	50	0	0	5.2062	10.822	6.0808	10.015	3	2409	1
388	120.88	130	0	0	-6.279	10.5	-4.4712	10.875	3	2229	1
389	97.36	90	0	0	-1.5514	12.01	-1.2079	11.42	3	2469	1
390	91.019	50	0	0	-0.2169	12.195	0.72146	11.879	3	2389	1
391	113.41	130	0	0	-4.8263	11.149	-3.2564	11.535	3	2309	1
392	98.416	90	0	0	-1.7691	11.958	0.86437	11.162	3	2149	1
393	67.638	50	0	0	4.6457	11.292	3.1034	11.563	3	13678	1
394	69.3	50	0	0	4.264	11.284	3.151	12.853	3	2585	1
395	133.54	130	0	0	-8.4178	8.8578	-4.4712	12.853	3	2479	1
396	109.97	90	0	0	-4.1322	11.375	-2.6371	12.997	3	2209	1
523	83.458	90	0	0	1.3928	12.145	3.7703	12.739	4	3209	1
524	50.198	50	0	0	7.9778	9.5746	7.6291	7.9227	4	2469	1
525	118.11	130	0	0	-5.7671	10.794	-6.6626	12.395	4	2429	1
526	128.26	130	0	0	-7.438	9.4313	-5.686	11.191	4	2449	1
527	102.92	90	0	0	-2.7119	11.821	-1.1365	12.251	4	2209	1
528	102.3	50	0	0	-2.5973	11.91	1.2931	11.735	4	2229	1
529	52.4	50	0	0	7.3253	9.5122	7.7482	7.3207	4	2249	1
530	92.454	90	0	0	-0.5226	12.197	2.6032	11.592	4	2249	1
531	132.25	130	0	0	-8.3421	9.1836	-8.4252	10.589	4	2309	1
532	112.17	130	0	0	-4.5573	11.183	-3.7566	12.309	4	2249	1
533	98.161	90	0	0	-1.7178	11.979	-0.94591	12.71	4	2289	1
534	85.536	50	0	0	0.9429	12.079	2.103	11.219	4	2409	1
535	115.51	130	0	0	-5.1978	10.895	-3.2802	11.076	4	2409	1
536	88.413	90	0	0	0.3365	12.144	1.0311	11.821	4	2489	1
537	67.193	50	0	0	4.8509	11.536	5.0328	10.302	4	2469	1
538	88.643	50	0	0	0.2853	12.04	2.2697	11.563	4	2310	1
539	119.17	90	0	0	-6.1276	10.979	-2.3036	12.681	4	2209	1
540	124.88	130	0	0	-6.9851	10.021	-7.663	7.3493	4	2430	1
