Trial#	TargetAngle	ArcAngle	XHomePosition(m)	YHomePosition(m)	XTarget(m)	YTarget(m)	XTouch	YTouch	Block#	Time(ms)
46	80.8067636631	50	0.0	-0.085	0.019177	0.033491	746	595	1	20208
47	105.058209249	90	0.0	-0.085	-0.031248	0.031147	1082	658	1	17921
48	23.2593132525	130	0.0	-0.085	0.110298	-0.037591	250	453	1	15755
49	152.869088772	130	0.0	-0.085	-0.106917	-0.030215	1274	546	1	9975
50	112.589766773	50	0.0	-0.085	-0.046462	0.026674	1103	661	1	13247
51	20.3366022468	90	0.0	-0.085	0.113213	-0.043039	307	500	1	9013
52	111.353059924	90	0.0	-0.085	-0.043912	0.027321	1019	581	1	12269
53	116.151081627	50	0.0	-0.085	-0.053361	0.023678	1010	563	1	13401
54	168.221919503	130	0.0	-0.085	-0.117533	-0.060493	1225	331	1	7659
55	48.3131092539	90	0.0	-0.085	0.080607	0.005513	538	555	1	8697
56	96.0164693941	130	0.0	-0.085	-0.012593	0.034484	877	608	1	7984
57	64.4020863413	50	0.0	-0.085	0.052887	0.025394	679	591	1	13958
58	86.2427371045	90	0.0	-0.085	0.007869	0.034825	698	602	1	10064
59	102.414747186	130	0.0	-0.085	-0.026133	0.033714	924	601	1	7870
60	49.5921257471	50	0.0	-0.085	0.077999	0.006623	584	578	1	7751
61	60.8018065454	50	0.0	-0.085	0.058838	0.020286	617	583	1	9142
62	136.873148553	130	0.0	-0.085	-0.087800	-0.002761	1082	488	1	6845
63	102.797414932	90	0.0	-0.085	-0.026685	0.032479	991	568	1	7583
118	92.1170605307	130	0.0	-0.085	-0.004445	0.035244	887	603	2	8679
119	44.1294857159	50	0.0	-0.085	0.086757	-0.000840	495	510	2	6537
120	79.5321617155	90	0.0	-0.085	0.021987	0.034004	725	622	2	7248
121	131.178858079	130	0.0	-0.085	-0.079341	0.005698	1030	565	2	7216
122	100.647970316	90	0.0	-0.085	-0.022279	0.033498	906	607	2	6904
123	69.5552203678	50	0.0	-0.085	0.042063	0.027834	695	602	2	6359
124	36.1396521137	50	0.0	-0.085	0.097532	-0.013775	504	522	2	6249
125	68.5501569257	90	0.0	-0.085	0.043969	0.026909	683	604	2	6281
126	123.04451566	130	0.0	-0.085	-0.065653	0.015925	961	583	2	7099
127	50.1391895616	50	0.0	-0.085	0.077116	0.007358	645	595	2	7225
128	128.938095556	130	0.0	-0.085	-0.075559	0.008514	1073	522	2	6167
129	108.362683698	90	0.0	-0.085	-0.038071	0.029695	957	576	2	6185
130	63.6997460698	90	0.0	-0.085	0.053465	0.023177	654	590	2	5799
131	42.3876761156	50	0.0	-0.085	0.088806	-0.003944	576	553	2	6378
132	116.730357077	130	0.0	-0.085	-0.054173	0.022569	989	582	2	6048
133	83.1553766302	90	0.0	-0.085	0.014366	0.034684	801	620	2	6040
134	61.0334510994	50	0.0	-0.085	0.058491	0.020666	666	604	2	5722
135	134.868222265	130	0.0	-0.085	-0.084806	0.000197	1084	522	2	5628
190	72.1366814108	90	0.0	-0.085	0.037122	0.030184	674	593	3	7021
191	107.880797159	130	0.0	-0.085	-0.037024	0.029760	926	591	3	6450
192	51.7060852637	50	0.0	-0.085	0.075457	0.010566	563	547	3	5258
193	85.3829315738	90	0.0	-0.085	0.009726	0.035434	808	621	3	5016
194	137.247582928	130	0.0	-0.085	-0.089314	-0.002432	1120	509	3	5144
195	69.9547084923	50	0.0	-0.085	0.041471	0.028661	698	599	3	5406
196	39.3905695887	50	0.0	-0.085	0.092762	-0.008830	474	512	3	5536
197	99.8218649577	130	0.0	-0.085	-0.020656	0.034314	960	592	3	5153
198	80.9702536717	90	0.0	-0.085	0.018947	0.034226	752	620	3	5148
199	93.8691937788	90	0.0	-0.085	-0.008100	0.034764	798	625	3	4864
200	68.7800668611	50	0.0	-0.085	0.043552	0.027168	676	592	3	4758
201	142.239313848	130	0.0	-0.085	-0.094890	-0.011500	1134	460	3	5656
202	105.0508948	130	0.0	-0.085	-0.031188	0.030983	903	613	3	4612
203	75.7714051445	90	0.0	-0.085	0.029743	0.032297	697	609	3	4732
204	52.3269958399	50	0.0	-0.085	0.073837	0.010627	600	555	3	5708
205	124.859488338	130	0.0	-0.085	-0.069130	0.014245	1052	555	3	4776
206	98.4779369235	90	0.0	-0.085	-0.017718	0.033867	895	592	3	4669
207	71.1534267841	50	0.0	-0.085	0.039117	0.029600	673	589	3	6060
262	40.0631003696	50	0.0	-0.085	0.092220	-0.007445	553	547	4	6835
263	111.349828748	130	0.0	-0.085	-0.043866	0.027222	993	589	4	6846
264	81.8413630576	90	0.0	-0.085	0.017127	0.034464	737	580	4	5992
265	92.0257235077	90	0.0	-0.085	-0.004245	0.035016	835	607	4	6100
266	64.6438046959	50	0.0	-0.085	0.051835	0.024380	682	593	4	5883
267	141.019621838	130	0.0	-0.085	-0.093326	-0.009479	1101	491	4	5341
268	100.907352881	130	0.0	-0.085	-0.022795	0.033291	881	587	4	5459
269	67.5358173642	90	0.0	-0.085	0.045920	0.026057	696	610	4	5337
270	47.0860269289	50	0.0	-0.085	0.081810	0.002995	586	586	4	5697
271	51.7362321941	50	0.0	-0.085	0.074578	0.009555	611	582	4	5665
272	103.80138222	90	0.0	-0.085	-0.028851	0.032448	979	592	4	5319
273	139.906527809	130	0.0	-0.085	-0.092318	-0.007279	1048	565	4	8585
274	70.0862678373	90	0.0	-0.085	0.041073	0.028378	659	594	4	5367
275	44.7488979861	50	0.0	-0.085	0.085368	-0.000377	531	532	4	6312
276	111.539997716	130	0.0	-0.085	-0.044217	0.027022	1007	562	4	5254
277	67.1339765755	50	0.0	-0.085	0.046976	0.026392	653	581	4	5318
278	134.366176216	130	0.0	-0.085	-0.084432	0.001321	1088	550	4	4999
279	116.505661451	90	0.0	-0.085	-0.053721	0.022721	972	575	4	5098
