trial	targetangle_deg	arcangle_deg	homex_cm	homey_cm	handx_cm	handy_cm	tapx_cm	tapy_cm	block	time_ms	selected
139	65.244	50	0	0	4.7058	10.205	8.4956	9.1333	1	2981	1
140	116.55	90	0	0	-4.9616	9.928	-0.46049	11.427	1	2389	1
141	146.8	130	0	0	-9.504	6.2186	-4.7718	13.061	1	2389	1
142	52.557	50	0	0	7.0836	9.2507	11.33	7.528	1	2494	1
143	137.3	130	0	0	-8.2682	7.6288	-3.8429	12.43	1	2389	1
144	119.1	90	0	0	-5.642	10.136	-0.36521	12.831	1	2369	1
145	187.13	130	0	0	-11.981	-1.4991	-11.06	6.582	1	2549	0
146	47.053	50	0	0	8.0515	8.6503	12.021	6.2093	1	2575	1
147	109.06	90	0	0	-3.8263	11.073	-0.079378	13.233	1	2389	1
148	50.949	50	0	0	7.3219	9.0253	11.949	5.9513	1	2368	1
149	140.56	130	0	0	-8.5653	7.046	-5.7008	11.111	1	2310	1
150	107.59	90	0	0	-3.4263	10.811	1.5165	12.344	1	2591	1
151	149.6	130	0	0	-9.9681	5.8475	-8.2971	8.8753	1	2329	1
152	88.322	90	0	0	0.3334	11.383	4.7083	10.968	1	2507	1
153	61.645	50	0	0	5.5066	10.203	10.163	7.1267	1	2469	1
154	99.087	90	0	0	-1.7547	10.971	1.9453	11.197	1	2595	1
155	178.43	130	0	0	-11.526	0.3152	-10.488	6.324	1	2456	1
156	52.659	50	0	0	7.1254	9.3396	10.663	6.7253	1	2429	1
283	135.6	90	0	0	-8.2835	8.1131	-2.6757	11.799	2	2529	1
284	157.68	130	0	0	-10.512	4.3146	-7.0823	9.8787	2	2348	1
285	61.517	50	0	0	5.4906	10.12	10.806	7.2987	2	2419	1
286	146.52	130	0	0	-9.5716	6.3293	-4.224	11.914	2	2309	1
287	125.72	50	0	0	-6.6172	9.201	4.351	12.373	2	2469	0
288	117.68	90	0	0	-5.2336	9.975	2.1358	11.054	2	2489	1
289	159.99	130	0	0	-10.934	3.9828	-6.2248	10.939	2	2369	1
290	58.837	50	0	0	6.23	10.302	10.83	5.9227	2	2509	1
291	104.99	90	0	0	-3.0019	11.21	2.1596	10.337	2	2329	1
292	144.14	130	0	0	-8.9676	6.4813	-5.3435	10.567	2	2414	1
293	78.35	90	0	0	2.358	11.436	7.3285	11.111	2	2549	1
294	57.457	50	0	0	6.1169	9.5856	8.4003	9.1333	2	2549	1
295	98.79	90	0	0	-1.7171	11.104	3.9461	11.541	2	2489	1
296	88.626	50	0	0	0.2785	11.607	4.8036	10.681	2	2389	1
297	174.69	130	0	0	-11.349	1.0555	-10.917	4.3747	2	2669	1
298	87.608	90	0	0	0.4821	11.541	1.2307	11.083	2	2829	1
299	63.35	50	0	0	5.2577	10.476	8.4003	8.6173	2	2549	1
300	190.53	130	0	0	-10.909	-2.0276	-9.4404	6.41	2	2489	0
427	155.22	130	0	0	-10.176	4.6989	-8.7735	9.85	3	2310	1
428	140.86	90	0	0	-8.9676	7.2984	-2.6281	11.283	3	2309	1
429	94.771	50	0	0	-0.9863	11.818	3.6365	11.455	3	2394	1
430	145.21	130	0	0	-9.1589	6.364	-2.9854	11.541	3	2229	1
431	102.84	90	0	0	-2.5754	11.3	3.303	11.226	3	2309	1
432	55.99	50	0	0	6.6229	9.815	10.425	6.41	3	2349	1
433	89.309	90	0	0	0.1353	11.215	4.8989	11.484	3	2389	1
434	151.88	130	0	0	-10.105	5.4007	-6.5821	9.1333	3	2269	1
435	103.29	50	0	0	-2.7043	11.447	6.0899	9.506	3	2309	1
436	108.67	90	0	0	-3.6829	10.899	-2.6995	13.118	3	2700	1
437	144.05	130	0	0	-9.2019	6.6745	-6.8679	11.255	3	2289	1
438	70.043	50	0	0	3.8868	10.704	10.496	7.528	3	2449	1
439	54.798	50	0	0	6.5976	9.3519	10.139	6.8687	3	2349	1
440	146.4	90	0	0	-9.6794	6.4311	-2.5328	9.9073	3	2429	1
441	159.75	130	0	0	-10.738	3.9608	-7.2729	8.4453	3	2868	1
442	149.99	130	0	0	-9.6208	5.5561	-3.0806	10.194	3	5870	1
443	92.541	90	0	0	-0.5092	11.474	4.3749	10.28	3	2569	1
444	80.344	50	0	0	1.984	11.661	4.8512	9.3627	3	2429	1
571	159.28	130	0	0	-10.757	4.0691	-11.013	4.088	4	8003	1
572	142.4	90	0	0	-9.6328	7.4192	-5.2958	10.681	4	2449	1
573	61.74	50	0	0	5.5906	10.4	8.9482	8.8753	4	2409	1
574	72.391	50	0	0	3.5448	11.169	6.733	8.4167	4	2862	1
575	140.57	90	0	0	-9.0131	7.4106	-4.5336	10.366	4	2209	1
576	152.84	130	0	0	-10.187	5.2258	-6.8679	9.6493	4	2189	1
577	83.804	50	0	0	1.2436	11.455	6.3281	9.162	4	2189	1
578	96.17	90	0	0	-1.2454	11.519	5.6611	10.223	4	2208	1
579	154.4	130	0	0	-10.43	4.9975	-7.9398	8.6747	4	2190	1
580	49.982	50	0	0	7.3832	8.7934	11.616	4.518	4	2229	1
581	115.64	90	0	0	-5.0249	10.467	-1.0322	10.395	4	2188	1
582	145.99	130	0	0	-9.4117	6.3513	-6.201	9.6207	4	2310	1
583	58.71	50	0	0	6.1692	10.15	11.83	4.0307	4	2249	0
584	147.47	130	0	0	-9.7862	6.2413	-6.3915	10.337	4	2249	1
585	70.544	90	0	0	3.856	10.915	7.2808	10.395	4	2359	1
586	129.99	90	0	0	-7.3734	8.7892	-2.9615	10.28	4	2289	1
587	147.5	130	0	0	-9.6874	6.1706	-7.2967	9.7067	4	2369	1
588	63.433	50	0	0	5.2876	10.574	9.1149	8.5313	4	2329	1
