trial	targetangle_deg	arcangle_deg	homex_cm	homey_cm	handx_cm	handy_cm	tapx_cm	tapy_cm	block	time_ms	selected
73	111.73	90	0	0	-4.1134	10.322	-5.2482	10.997	1	2863	1
74	38.337	50	0	0	8.7684	6.9341	9.9248	6.926	1	3061	1
75	141.2	130	0	0	-8.9955	7.2327	-9.1784	8.0153	1	2939	1
76	103.37	90	0	0	-2.6465	11.134	-3.6523	11.971	1	3041	1
77	41.183	50	0	0	8.5853	7.5113	10.139	7.4133	1	3203	1
78	136.56	130	0	0	-8.1157	7.6859	-9.631	9.764	1	3008	1
79	75.289	50	0	0	2.883	10.981	1.9929	12.602	1	2965	1
80	78.169	90	0	0	2.3342	11.143	1.9215	12.287	1	3159	1
81	107.73	130	0	0	-3.4292	10.728	-4.4383	12.172	1	2922	1
82	52.659	50	0	0	7.2297	9.4763	7.519	10.309	1	3139	1
83	137.09	130	0	0	-8.2337	7.6549	-10.346	6.2667	1	2737	1
84	74.805	90	0	0	3.0005	11.047	2.1596	10.968	1	2576	1
85	123.29	90	0	0	-6.1739	9.4034	-7.7731	10.71	1	2744	1
86	119.01	130	0	0	-5.4944	9.9088	-5.9151	11.513	1	2998	1
87	44.813	50	0	0	8.0999	8.0472	10.401	6.2953	1	3368	1
88	65.524	50	0	0	4.7866	10.515	2.8742	10.767	1	2669	1
89	144.93	130	0	0	-9.142	6.4183	-11.275	5.2347	1	2573	1
90	66.732	90	0	0	4.5354	10.547	5.9469	9.8787	1	2709	1
145	129.18	90	0	0	-7.2272	8.8687	-7.1061	10.911	2	2630	1
146	61.575	50	0	0	5.563	10.278	4.0652	11.685	2	2800	1
147	145.24	130	0	0	-9.2601	6.4256	-10.369	7.9007	2	2618	1
148	134.52	130	0	0	-7.8652	7.9972	-8.964	9.9933	2	2489	1
149	39.879	50	0	0	8.6399	7.2186	10.211	6.582	2	2832	1
150	77.406	90	0	0	2.4824	11.111	4.8751	11.885	2	2660	1
151	63.58	90	0	0	5.0473	10.159	5.9708	11.226	2	2666	1
152	21.805	50	0	0	10.699	4.2803	13.879	4.174	2	2654	0
153	152.4	130	0	0	-10.183	5.3244	-11.394	5.4927	2	2490	1
154	46.834	50	0	0	7.8731	8.394	6.8521	9.764	2	2569	1
155	107.78	130	0	0	-3.4613	10.79	-2.771	12.745	2	2486	1
156	49.21	90	0	0	7.3202	8.4835	5.9708	10.681	2	2583	1
157	91.381	90	0	0	-0.27	11.2	-2.3184	11.369	2	2429	1
158	115.19	130	0	0	-4.8332	10.275	-6.8441	9.85	2	2409	1
159	55.311	50	0	0	6.6381	9.5906	5.9708	10.165	2	2529	1
160	124.5	130	0	0	-6.3824	9.2864	-7.0585	10.366	2	2369	1
161	59.719	90	0	0	5.7185	9.7934	6.066	11.255	2	2448	1
162	41.915	50	0	0	8.7148	7.8235	8.8767	7.3273	2	2673	1
217	40.044	50	0	0	8.61	7.2359	8.1622	8.474	3	2689	1
218	150.89	130	0	0	-9.9978	5.5665	-11.465	5.4353	3	2549	1
219	56.706	90	0	0	6.3028	9.5974	6.995	11.083	3	2629	1
220	110.47	90	0	0	-3.947	10.571	-4.6289	11.054	3	2490	1
221	32.477	50	0	0	9.6725	6.1566	11.926	6.066	3	2589	1
222	144.12	130	0	0	-9.1932	6.6493	-9.7501	7.1267	3	2409	1
223	120.15	130	0	0	-5.5426	9.5426	-6.463	9.8213	3	2429	1
224	88.747	90	0	0	0.2456	11.228	-2.3899	11.828	3	2429	1
225	40.575	50	0	0	8.6586	7.4147	8.8529	7.184	3	2629	1
226	66.989	50	0	0	4.4193	10.406	2.636	12.459	3	3289	1
227	106.2	90	0	0	-3.157	10.867	-4.5336	10.624	3	2469	1
228	141.84	130	0	0	-8.8412	6.9467	-11.084	6.9547	3	2369	1
229	83.608	90	0	0	1.2795	11.421	0.039719	11.914	3	2389	1
230	119.75	130	0	0	-5.4757	9.5807	-6.4392	10.395	3	2349	1
231	30.991	50	0	0	9.5203	5.7183	11.497	5.7793	3	2449	1
232	17.999	50	0	0	11.677	3.7938	13.212	5.1487	3	2429	1
233	51.406	90	0	0	7.0719	8.8608	8.3765	12.287	3	2429	0
234	98.641	130	0	0	-1.7029	11.206	-3.8905	11.57	3	2349	1
289	143.35	130	0	0	-9.0805	6.7567	-7.6301	9.3627	4	2579	1
290	119.15	90	0	0	-5.5274	9.9086	-6.2248	10.653	4	2449	1
291	61.184	50	0	0	5.5837	10.15	3.9699	10.624	4	2589	1
292	49.184	50	0	0	7.425	8.5972	6.3995	9.9073	4	2509	1
293	134.13	130	0	0	-7.8515	8.0935	-9.0831	8.7607	4	2369	1
294	70.577	90	0	0	3.8396	10.889	2.374	11.369	4	2409	1
295	65.01	90	0	0	4.8607	10.429	4.2558	10.251	4	2369	1
296	107.46	130	0	0	-3.3264	10.573	-4.0334	11.713	4	2288	1
297	29.784	50	0	0	10.575	6.0521	9.6628	6.4673	4	2629	1
298	93.713	130	0	0	-0.7414	11.425	-2.1517	12.201	4	2350	1
299	70.667	90	0	0	3.8028	10.839	3.9223	10.767	4	2369	1
300	63.222	50	0	0	5.2316	10.367	3.4459	10.796	4	2388	1
301	137.68	130	0	0	-8.391	7.6413	-7.0585	9.1333	4	2329	1
302	36.769	50	0	0	9.2946	6.9453	6.8759	8.5027	4	2450	1
303	102.85	90	0	0	-2.5163	11.029	-4.0572	10.767	4	2349	1
304	32.751	50	0	0	9.554	6.1456	9.7581	6.4387	4	2629	1
305	100.1	130	0	0	-2.0395	11.444	-3.0806	11.857	4	2349	1
306	117.43	90	0	0	-5.283	10.181	-5.7008	10.911	4	2349	1
