-0.005272
0.037421
-0.092337
-0.002779
0.036206
0.031514
0.102418
-0.016921
-0.004949
0.037548
-0.091417
-0.002387
-0.052397
0.026888
0.005702
0.036517
0.037142
0.030217
0.088318
0.000048
-0.084177
0.002401
0.004578
0.034986
-0.097165
-0.013739
0.084980
0.002444
0.031690
0.034460
-0.054405
0.022525
-0.008348
0.037682
0.036330
0.032101
-0.021525
0.036285
-0.108537
-0.030515
0.086002
0.000107
0.015480
0.037048
-0.051327
0.025487
-0.110282
-0.033476
0.077884
0.007107
-0.091774
-0.002859
-0.047630
0.026410
0.106142
-0.028047
-0.108968
-0.031616
0.000639
0.035778
0.086528
-0.000840
-0.085747
0.002174
0.011352
0.036693
-0.076863
0.007452
0.094426
-0.007893
-0.078189
0.007362
0.060756
0.022599
-0.042281
0.029197
-0.055731
0.022260
0.044827
0.028541
-0.093320
-0.006863
0.089904
-0.004988
-0.070482
0.012789
0.082155
0.006984
-0.050464
0.025833
0.050944
0.026352
-0.068683
0.013567
0.077346
0.011168
-0.052214
0.025881
0.050714
0.024703
0.086324
0.001230
-0.036054
0.031086
0.013999
0.034837
-0.107786
-0.028140
-0.086095
0.002591
0.012832
0.035556
0.072305
0.014063
-0.060846
0.019303
-0.106592
-0.026592
0.093395
-0.007218
0.064372
0.016298
0.029677
0.031907
-0.063748
0.019146
0.025816
0.033765
-0.053075
0.024931
0.041565
0.027577
0.092031
-0.003743
-0.100369
-0.017472
-0.005886
0.036778
-0.063056
0.018221
0.007716
0.036831
-0.067429
0.014346
