91	148.077666673	130	0.0	-0.085	-0.102166	-0.021352	1110	648	1	4457
92	120.245533305	90	0.0	-0.085	-0.060776	0.019233	843	772	1	4073
93	49.7345326588	50	0.0	-0.085	0.077768	0.006813	305	542	1	3637
94	134.65508639	90	0.0	-0.085	-0.085942	0.001983	951	759	1	3072
95	149.048472359	130	0.0	-0.085	-0.103365	-0.023011	1177	568	1	2549
96	46.7933275799	50	0.0	-0.085	0.083164	0.003540	308	563	1	2985
97	139.198803245	130	0.0	-0.085	-0.092721	-0.004962	965	710	1	2823
98	98.4981802468	90	0.0	-0.085	-0.017795	0.034095	693	753	1	2869
99	70.25258767	50	0.0	-0.085	0.040574	0.028024	538	712	1	2809
100	131.738897423	90	0.0	-0.085	-0.080336	0.005044	999	722	1	2801
101	37.9522462621	50	0.0	-0.085	0.096571	-0.009680	282	496	1	2571
102	128.394105921	130	0.0	-0.085	-0.076552	0.011605	937	746	1	2611
103	127.28226852	130	0.0	-0.085	-0.072886	0.010738	881	760	1	2627
104	91.6745374502	90	0.0	-0.085	-0.003517	0.035303	608	723	1	2560
105	93.5614195867	50	0.0	-0.085	-0.007532	0.036018	659	742	1	2834
106	91.7423467663	50	0.0	-0.085	-0.003694	0.036437	634	758	1	2790
107	141.031939038	130	0.0	-0.085	-0.094973	-0.008180	1022	697	1	3178
108	80.5759987189	90	0.0	-0.085	0.019842	0.034545	532	730	1	2952
235	127.703634524	90	0.0	-0.085	-0.074326	0.011154	926	760	2	3085
236	139.750332476	130	0.0	-0.085	-0.092227	-0.006925	985	747	2	2878
237	92.443226631	50	0.0	-0.085	-0.005146	0.035605	639	748	2	3428
238	45.5527507079	50	0.0	-0.085	0.084637	0.001286	283	524	2	3413
239	167.520389167	130	0.0	-0.085	-0.118773	-0.058713	1190	527	2	3501
240	94.7692700338	90	0.0	-0.085	-0.009981	0.034630	589	749	2	3043
241	79.3223007751	50	0.0	-0.085	0.022785	0.035844	578	740	2	2869
242	135.587109932	130	0.0	-0.085	-0.087298	0.000527	1031	672	2	2945
243	89.4135096619	90	0.0	-0.085	0.001242	0.036330	577	718	2	2831
244	129.891242598	130	0.0	-0.085	-0.077817	0.008097	860	766	2	2922
245	86.2070473973	90	0.0	-0.085	0.008045	0.036349	530	719	2	2909
246	88.6826542035	50	0.0	-0.085	0.002829	0.038021	608	734	2	2656
247	123.790710475	130	0.0	-0.085	-0.068320	0.017091	885	745	2	2401
248	40.6668779441	50	0.0	-0.085	0.091929	-0.006021	304	532	2	2554
249	90.3410422789	90	0.0	-0.085	-0.000722	0.036296	543	718	2	2814
250	178.51401831	130	0.0	-0.085	-0.120658	-0.081870	1191	500	2	3054
251	72.545490347	50	0.0	-0.085	0.037046	0.032821	503	707	2	2454
252	132.15957863	90	0.0	-0.085	-0.080796	0.004232	954	719	2	2758
379	85.2667387091	50	0.0	-0.085	0.010171	0.037839	599	732	3	2816
380	130.491675548	90	0.0	-0.085	-0.078227	0.006619	989	728	3	3399
381	119.189957392	130	0.0	-0.085	-0.060036	0.022466	856	759	3	2737
382	144.674485915	130	0.0	-0.085	-0.098918	-0.014896	1006	697	3	2459
383	77.1025935848	50	0.0	-0.085	0.026821	0.032131	576	739	3	2743
384	134.162765832	90	0.0	-0.085	-0.083714	0.001197	952	732	3	3029
385	123.071685742	130	0.0	-0.085	-0.066498	0.017118	888	747	3	2209
386	86.1818923057	90	0.0	-0.085	0.008118	0.036641	595	731	3	2313
387	94.8727554061	50	0.0	-0.085	-0.010279	0.035573	664	766	3	2341
388	97.3042915342	90	0.0	-0.085	-0.015523	0.036104	594	703	3	2559
389	128.661129661	130	0.0	-0.085	-0.076146	0.010178	855	773	3	2326
390	68.9210172726	50	0.0	-0.085	0.043594	0.028100	341	573	3	3471
391	108.177905138	90	0.0	-0.085	-0.037911	0.030457	721	754	3	2156
392	107.393702328	130	0.0	-0.085	-0.036258	0.030744	871	745	3	2352
393	84.0180192492	50	0.0	-0.085	0.012571	0.034968	631	742	3	2828
394	123.506301266	90	0.0	-0.085	-0.067308	0.016667	969	736	3	2319
395	55.0493075725	50	0.0	-0.085	0.070530	0.015912	350	567	3	2439
396	101.453615705	130	0.0	-0.085	-0.024055	0.033726	863	780	3	2692
523	125.905509867	90	0.0	-0.085	-0.071722	0.014060	882	758	4	2339
524	89.3554246624	50	0.0	-0.085	0.001353	0.035262	616	742	4	2219
525	124.307565358	130	0.0	-0.085	-0.069117	0.016293	904	774	4	1959
526	80.55377315	90	0.0	-0.085	0.020074	0.035653	577	721	4	2119
527	122.083812608	130	0.0	-0.085	-0.064165	0.017352	874	745	4	2013
528	71.4372336531	50	0.0	-0.085	0.038989	0.031103	459	681	4	2269
529	132.917796796	130	0.0	-0.085	-0.083066	0.004334	937	746	4	2039
530	80.3041186147	90	0.0	-0.085	0.020601	0.035573	564	729	4	2147
531	92.3292301844	50	0.0	-0.085	-0.004986	0.037581	665	753	4	2361
532	134.902714799	90	0.0	-0.085	-0.087016	0.002312	993	718	4	2299
533	111.285071989	130	0.0	-0.085	-0.044178	0.028398	910	755	4	2359
534	63.2345542029	50	0.0	-0.085	0.054646	0.023343	457	678	4	2239
535	128.885058577	130	0.0	-0.085	-0.075512	0.008633	879	730	4	2159
536	79.4799876506	90	0.0	-0.085	0.022269	0.034919	508	714	4	2583
537	65.8919078571	50	0.0	-0.085	0.049906	0.026524	477	682	4	2444
538	143.969728894	130	0.0	-0.085	-0.098753	-0.013172	1110	616	4	2419
539	70.545129196	50	0.0	-0.085	0.040384	0.029327	529	708	4	2140
540	106.343163281	90	0.0	-0.085	-0.034391	0.032280	742	773	4	2120
