trial	targetangle_deg	arcangle_deg	homex_cm	homey_cm	handx_cm	handy_cm	tapx_cm	tapy_cm	block	time_ms	selected
73	91.218	90	0	0	-0.2448	11.511	0.030691	11.773	1	3104	1
74	138.58	130	0	0	-8.6447	7.6254	-10.283	5.5233	1	2845	1
75	70.505	50	0	0	3.8598	10.903	3.7703	10.999	1	3016	1
76	34.565	50	0	0	9.3977	6.4745	10.13	6.9567	1	3408	1
77	89.977	90	0	0	0.0046	11.536	2.5794	10.741	1	5160	1
78	137.98	130	0	0	-8.783	7.915	-8.4729	7.53	1	2577	1
79	113.95	130	0	0	-4.6996	10.578	-3.709	11.199	1	3021	1
80	85.862	90	0	0	0.8233	11.381	2.9605	11.085	1	2958	1
81	69.665	50	0	0	3.9314	10.608	3.6751	11.314	1	2872	1
82	44.192	50	0	0	8.1664	7.9392	8.963	7.53	1	2892	1
83	134.24	130	0	0	-7.7738	7.9832	-8.6872	7.7307	1	2732	1
84	86.155	90	0	0	0.757	11.265	1.841	11.572	1	2876	1
85	143.53	130	0	0	-9.0792	6.7116	-9.4256	6.842	1	2424	1
86	45.36	50	0	0	7.9531	8.0537	9.7252	6.928	1	2693	1
87	72.959	90	0	0	3.3894	11.058	3.7942	11.343	1	2717	1
88	116.22	130	0	0	-4.9775	10.106	-4.2092	11.113	1	2786	1
89	91.876	90	0	0	-0.3826	11.682	-1.1126	11.859	1	2591	1
90	70.717	50	0	0	3.8159	10.907	3.5322	11.085	1	2418	1
145	98.272	90	0	0	-1.6696	11.484	-0.040767	12.174	2	3183	1
146	153.28	130	0	0	-10.049	5.0598	-10.76	5.6953	2	2917	1
147	44.629	50	0	0	7.9263	7.8243	9.3679	6.756	2	2737	1
148	80.132	50	0	0	1.9692	11.32	3.6751	11.027	2	2865	1
149	113.29	90	0	0	-4.4915	10.436	-2.5418	11.744	2	2839	1
150	155.15	130	0	0	-10.205	4.7262	-10.164	5.982	2	2633	1
151	48.548	50	0	0	7.497	8.4882	9.7252	6.5267	2	2829	1
152	137.96	130	0	0	-8.4578	7.6255	-6.9484	9.7087	2	2857	1
153	110.66	90	0	0	-3.974	10.538	-3.1135	12.002	2	2713	1
154	30.538	50	0	0	9.7282	5.739	11.345	4.5773	2	2926	1
155	153.72	130	0	0	-10.206	5.0394	-9.0922	7.3293	2	2696	1
156	87.608	90	0	0	0.4777	11.438	2.8176	11.343	2	2584	1
157	44.497	50	0	0	8.0638	7.9235	9.0344	7.4153	2	2694	1
158	134.69	130	0	0	-7.9713	8.059	-7.2104	10.167	2	2646	1
159	81.664	90	0	0	1.6824	11.482	3.6274	11.4	2	2752	1
160	129.67	130	0	0	-7.0932	8.5539	-4.8761	10.97	2	2764	1
161	40.945	50	0	0	8.5757	7.4403	9.7252	5.7527	2	2598	1
162	129.93	90	0	0	-7.1609	8.5551	-5.424	10.941	2	2576	1
217	58.894	50	0	0	5.9886	9.9251	7.2242	9.7087	3	2646	1
218	109.07	90	0	0	-3.6782	10.637	-3.8281	11.945	3	2432	1
219	116.81	130	0	0	-5.0931	10.077	-3.4469	11.715	3	2388	1
220	66.328	90	0	0	4.5993	10.492	4.9851	10.569	3	2688	1
221	139.92	130	0	0	-8.6184	7.2521	-8.6872	7.0713	3	2432	1
222	42.173	50	0	0	8.2163	7.4431	10.13	6.0967	3	2387	1
223	125.66	130	0	0	-6.5122	9.0752	-3.9472	10.941	3	2362	1
224	48.079	50	0	0	7.63	8.4975	9.6299	7.3867	3	2484	1
225	113.57	90	0	0	-4.5693	10.474	-2.9467	11.199	3	2166	1
226	64.337	90	0	0	4.906	10.211	4.6755	10.569	3	2304	1
227	124.62	130	0	0	-6.4018	9.2727	-4.1377	11.027	3	3598	1
228	51.465	50	0	0	7.1207	8.9406	6.3905	9.8807	3	2416	1
229	115.25	130	0	0	-4.8089	10.197	-3.4708	11.543	3	2359	1
230	64.391	90	0	0	4.8136	10.043	4.4849	10.54	3	2266	1
231	46.647	50	0	0	7.8266	8.29	9.2488	7.272	3	3119	1
232	105.5	90	0	0	-3.0358	10.95	-0.49334	11.687	3	2369	1
233	81.292	50	0	0	1.7243	11.258	3.6512	11.371	3	2290	1
234	152.55	130	0	0	-10.156	5.2766	-9.3304	6.8707	3	2079	1
289	133.29	130	0	0	-7.7636	8.2425	-7.5201	9.3073	4	2305	1
290	82.03	90	0	0	1.5599	11.142	3.556	11.257	4	2263	1
291	52.433	50	0	0	6.9096	8.9829	8.5104	8.132	4	2517	1
292	119.71	90	0	0	-5.507	9.6492	-4.5188	11.199	4	2167	1
293	152.47	130	0	0	-9.9406	5.1808	-8.854	6.8707	4	3471	1
294	42.124	50	0	0	8.3733	7.5721	10.178	6.1827	4	2555	1
295	55.138	50	0	0	6.4851	9.3092	8.5581	7.6733	4	2824	1
296	74.488	90	0	0	3.0222	10.889	4.342	10.597	4	3541	1
297	120.65	130	0	0	-5.7389	9.6853	-3.3755	11.687	4	2396	1
298	75.385	50	0	0	2.8943	11.1	4.3182	10.97	4	2376	1
299	114.97	130	0	0	-4.7949	10.297	-3.3517	11.257	4	2552	1
300	68.02	90	0	0	4.2227	10.462	4.7231	10.798	4	2668	1
301	40.755	50	0	0	8.685	7.4849	10.44	5.81	4	2584	1
302	147.92	130	0	0	-9.4914	5.9502	-9.64	6.584	4	2318	1
303	90.141	90	0	0	-0.0282	11.462	1.6981	11.314	4	2464	1
304	120.58	130	0	0	-5.7037	9.6508	-3.4231	11.658	4	2342	1
305	83.72	50	0	0	1.2511	11.369	2.7223	12.002	4	2356	1
306	123.97	90	0	0	-6.2356	9.2564	-4.9238	10.884	4	2363	1
