Trial#	TargetAngle	ArcAngle	XHomePosition(m)	YHomePosition(m)	XTarget(m)	YTarget(m)	XTouch	YTouch	Block#	Time(ms)
73	104.373511466	130	0.0	-0.085	-0.027381	0.021847	892	733	1	3853
74	112.033411908	90	0.0	-0.085	-0.041961	0.018683	960	716	1	2893
75	19.0198877686	50	0.0	-0.085	0.106537	-0.048275	292	444	1	3061
76	105.986612078	90	0.0	-0.085	-0.030765	0.022385	937	718	1	2852
77	125.373434632	130	0.0	-0.085	-0.063855	0.004941	1029	655	1	2788
78	22.3221429746	50	0.0	-0.085	0.104844	-0.041953	331	529	1	2624
79	71.858889535	50	0.0	-0.085	0.035230	0.022525	608	706	1	2686
80	89.3143933665	90	0.0	-0.085	0.001344	0.027312	754	742	1	2896
81	125.656718101	130	0.0	-0.085	-0.064938	0.005515	1005	691	1	2904
82	117.180504564	90	0.0	-0.085	-0.050836	0.013999	940	687	1	2589
83	16.9360802303	50	0.0	-0.085	0.108574	-0.051938	297	484	1	2674
84	150.840872876	130	0.0	-0.085	-0.098058	-0.030289	1163	590	1	2598
85	135.294058122	130	0.0	-0.085	-0.081275	-0.004555	1064	647	1	2752
86	111.377990514	90	0.0	-0.085	-0.040742	0.019079	929	707	1	2869
87	14.6260638661	50	0.0	-0.085	0.109654	-0.056384	315	457	1	2743
88	151.307064339	130	0.0	-0.085	-0.098534	-0.031070	1106	630	1	2598
89	41.5042012916	50	0.0	-0.085	0.083122	-0.011449	434	611	1	2944
90	110.124562837	90	0.0	-0.085	-0.038255	0.019398	886	723	1	3126
145	27.5665889398	50	0.0	-0.085	0.098480	-0.033589	407	594	2	2916
146	142.253690787	130	0.0	-0.085	-0.088504	-0.016482	1102	662	2	3168
147	131.582899156	90	0.0	-0.085	-0.075021	-0.000451	1040	701	2	3103
148	147.520291786	130	0.0	-0.085	-0.097073	-0.023206	1136	614	2	2726
149	35.8049302887	50	0.0	-0.085	0.090753	-0.019535	675	572	2	2640
150	116.542579188	90	0.0	-0.085	-0.049934	0.014966	1439	0	2	2410
151	4.18044317052	50	0.0	-0.085	0.110942	-0.076891	312	439	2	2577
152	146.660334786	90	0.0	-0.085	-0.092900	-0.023884	1034	680	2	2655
153	168.97097108	130	0.0	-0.085	-0.112685	-0.063037	1210	482	2	2759
154	135.574948371	130	0.0	-0.085	-0.080621	-0.005981	1018	704	2	2985
155	58.02827513	50	0.0	-0.085	0.060288	0.011587	559	661	2	3031
156	80.6767156881	90	0.0	-0.085	0.018230	0.026041	708	691	2	2827
157	53.1717915633	50	0.0	-0.085	0.068706	0.006747	553	680	2	2559
158	139.905440805	130	0.0	-0.085	-0.087833	-0.011052	1046	678	2	2509
159	133.875685257	90	0.0	-0.085	-0.078328	-0.003536	970	718	2	2409
160	141.047904554	130	0.0	-0.085	-0.088565	-0.013404	1128	636	2	2590
161	25.8877738251	50	0.0	-0.085	0.101261	-0.035857	354	526	2	2489
162	88.4054153179	90	0.0	-0.085	0.003149	0.028119	708	732	2	2570
217	111.061871705	90	0.0	-0.085	-0.040841	0.021052	997	760	3	2774
218	100.398592756	130	0.0	-0.085	-0.020602	0.027267	884	766	3	2765
219	88.6969245313	50	0.0	-0.085	0.002584	0.028598	732	778	3	2703
220	65.5096929614	50	0.0	-0.085	0.048514	0.021502	627	749	3	2734
221	104.327895921	130	0.0	-0.085	-0.027898	0.024226	867	757	3	2622
222	83.2925646186	90	0.0	-0.085	0.013187	0.027130	703	739	3	2556
223	106.446686005	90	0.0	-0.085	-0.031991	0.023370	881	736	3	2664
224	143.429692032	130	0.0	-0.085	-0.088871	-0.019070	1051	706	3	2590
225	70.7735687869	50	0.0	-0.085	0.037218	0.021717	640	731	3	2722
226	40.3824827039	50	0.0	-0.085	0.086906	-0.011083	422	611	3	2565
227	118.224472144	130	0.0	-0.085	-0.052783	0.013339	961	703	3	2585
228	114.035861307	90	0.0	-0.085	-0.045955	0.018043	953	706	3	2655
229	50.1086344397	50	0.0	-0.085	0.073867	0.003371	525	690	3	2615
230	131.989089746	90	0.0	-0.085	-0.075884	-0.000690	1001	733	3	3599
231	122.366141761	130	0.0	-0.085	-0.061022	0.011281	1008	742	3	2593
232	51.6500638724	90	0.0	-0.085	0.069751	0.003162	538	697	3	2509
233	1.66551725395	50	0.0	-0.085	0.113320	-0.081705	271	458	3	2537
234	176.233945815	130	0.0	-0.085	-0.114121	-0.077488	1203	470	3	3143
289	114.531059839	90	0.0	-0.085	-0.048323	0.020883	983	736	4	3162
290	25.2921211677	50	0.0	-0.085	0.102929	-0.036363	333	516	4	3443
291	141.978133041	130	0.0	-0.085	-0.090422	-0.014299	1063	701	4	2579
292	32.7304442348	50	0.0	-0.085	0.093867	-0.024668	369	588	4	2555
293	120.704352634	90	0.0	-0.085	-0.057387	0.011634	954	748	4	2583
294	105.249664321	130	0.0	-0.085	-0.029564	0.023442	907	731	4	2557
295	139.335386942	130	0.0	-0.085	-0.087180	-0.010107	1084	693	4	2575
296	131.284087877	90	0.0	-0.085	-0.073398	-0.001406	1003	724	4	2599
297	60.0371706081	50	0.0	-0.085	0.055142	0.010652	556	683	4	2721
298	97.3597095512	90	0.0	-0.085	-0.014383	0.026356	813	743	4	2651
299	89.3737015879	50	0.0	-0.085	0.001247	0.029075	650	712	4	3011
300	136.161057804	130	0.0	-0.085	-0.080420	-0.007775	997	687	4	2675
301	161.891904013	130	0.0	-0.085	-0.105218	-0.050593	1179	546	4	2695
302	15.4141570203	50	0.0	-0.085	0.108958	-0.054959	310	459	4	2591
303	142.214042416	90	0.0	-0.085	-0.089710	-0.015449	1026	685	4	2603
304	154.998610417	130	0.0	-0.085	-0.102383	-0.037255	1189	583	4	2629
305	71.4148053208	90	0.0	-0.085	0.035552	0.020731	621	713	4	2868
306	69.7810001195	50	0.0	-0.085	0.039388	0.021944	620	707	4	2566
