Trial#	TargetAngle	ArcAngle	XHomePosition(m)	YHomePosition(m)	XTarget(m)	YTarget(m)	XTouch	YTouch	Block#	Time(ms)
46	143.340685704	130	0.0	-0.085	-0.096560	-0.013133	1184	524	1	4039
47	87.7620991492	90	0.0	-0.085	0.004718	0.035731	815	685	1	3129
48	29.6915047072	50	0.0	-0.085	0.104789	-0.025250	383	495	1	2985
49	34.9808611889	50	0.0	-0.085	0.098568	-0.016031	401	528	1	3129
50	105.364303073	90	0.0	-0.085	-0.031852	0.030920	921	673	1	3959
51	148.827140766	130	0.0	-0.085	-0.103211	-0.022560	1203	523	1	3050
52	64.121562239	90	0.0	-0.085	0.052661	0.023555	620	643	1	3288
53	27.3948893603	50	0.0	-0.085	0.107059	-0.029518	363	508	1	3050
54	149.842894508	130	0.0	-0.085	-0.104003	-0.024573	1210	446	1	3282
55	45.1444583267	50	0.0	-0.085	0.085257	0.000688	520	608	1	3029
56	104.453441739	90	0.0	-0.085	-0.030004	0.031407	919	694	1	3189
57	149.737727358	130	0.0	-0.085	-0.104996	-0.023738	1242	478	1	3009
58	130.102539045	130	0.0	-0.085	-0.078322	0.008002	1109	583	1	3109
59	38.331711861	50	0.0	-0.085	0.095673	-0.009356	440	550	1	2849
60	95.9677684778	90	0.0	-0.085	-0.012612	0.035648	881	687	1	3029
61	42.4534544121	50	0.0	-0.085	0.089946	-0.002714	508	607	1	3012
62	146.107240752	130	0.0	-0.085	-0.101197	-0.017017	1187	523	1	3009
63	95.7579227984	90	0.0	-0.085	-0.012109	0.035088	885	696	1	3189
118	91.7375116413	90	0.0	-0.085	-0.003669	0.035951	875	707	2	3982
119	153.371329238	130	0.0	-0.085	-0.108732	-0.030483	1222	469	2	3180
120	34.4773770711	50	0.0	-0.085	0.099502	-0.016672	436	556	2	2844
121	55.2312757163	50	0.0	-0.085	0.068760	0.014048	565	664	2	2908
122	107.356223862	90	0.0	-0.085	-0.036163	0.030706	927	734	2	2969
123	148.345729813	130	0.0	-0.085	-0.103982	-0.020894	1194	512	2	4022
124	64.3517565651	90	0.0	-0.085	0.052021	0.023342	610	672	2	2949
125	28.5151773428	50	0.0	-0.085	0.105592	-0.027632	329	469	2	3184
126	120.287108024	130	0.0	-0.085	-0.060628	0.018806	948	676	2	3209
127	75.2344414717	90	0.0	-0.085	0.030716	0.031539	656	694	2	3069
128	144.319209994	130	0.0	-0.085	-0.098668	-0.014150	1145	582	2	2749
129	40.4667141777	50	0.0	-0.085	0.093484	-0.005251	419	531	2	3950
130	128.769751207	130	0.0	-0.085	-0.075530	0.009042	1072	602	2	3009
131	89.8768491565	90	0.0	-0.085	0.000258	0.035034	721	705	2	3029
132	71.1390374854	50	0.0	-0.085	0.039116	0.029503	585	648	2	3118
133	112.3890063	90	0.0	-0.085	-0.046030	0.026738	903	704	2	2809
134	132.642418269	130	0.0	-0.085	-0.082583	0.004675	1035	638	2	2829
135	54.0215417791	50	0.0	-0.085	0.071285	0.013193	537	611	2	2708
190	98.4043241499	90	0.0	-0.085	-0.017681	0.034673	868	677	3	4015
191	152.822476503	130	0.0	-0.085	-0.107597	-0.029756	1170	539	3	2929
192	25.0710795481	50	0.0	-0.085	0.110919	-0.033110	360	467	3	2868
193	39.4946268445	50	0.0	-0.085	0.093106	-0.008264	429	563	3	2770
194	101.875356493	90	0.0	-0.085	-0.024926	0.033535	828	714	3	2988
195	155.50119115	130	0.0	-0.085	-0.110048	-0.034851	1199	488	3	2869
196	59.4023732405	90	0.0	-0.085	0.062088	0.019995	557	643	3	2760
197	71.1001194328	50	0.0	-0.085	0.039700	0.030955	610	673	3	2829
198	147.398004097	130	0.0	-0.085	-0.102113	-0.019691	1162	541	3	3014
199	110.529281906	130	0.0	-0.085	-0.042529	0.028572	947	719	3	2870
200	30.96684464	50	0.0	-0.085	0.103679	-0.022785	380	509	3	2709
201	95.5106996784	90	0.0	-0.085	-0.011613	0.035370	838	664	3	3383
202	37.2528086473	50	0.0	-0.085	0.095831	-0.012121	382	525	3	2829
203	138.647863975	130	0.0	-0.085	-0.091261	-0.004678	1150	562	3	3069
204	62.5976100438	90	0.0	-0.085	0.056013	0.023049	597	648	3	2829
205	29.0683261287	50	0.0	-0.085	0.104924	-0.026676	366	492	3	2789
206	114.888923282	130	0.0	-0.085	-0.050873	0.024652	917	663	3	3388
207	126.594507771	90	0.0	-0.085	-0.071938	0.011884	1081	624	3	2848
262	34.2955772402	50	0.0	-0.085	0.099302	-0.017272	470	596	4	2690
263	141.808725812	130	0.0	-0.085	-0.094565	-0.010608	1115	601	4	2809
264	119.100516691	90	0.0	-0.085	-0.058478	0.020062	1001	652	4	3414
265	105.689756689	130	0.0	-0.085	-0.032636	0.031186	883	672	4	3686
266	29.8927626975	50	0.0	-0.085	0.105741	-0.024214	378	513	4	2798
267	106.010323781	90	0.0	-0.085	-0.033265	0.030930	930	671	4	3228
268	64.5384991721	50	0.0	-0.085	0.051680	0.023537	605	664	4	2990
269	103.758232321	130	0.0	-0.085	-0.028780	0.032541	929	692	4	3120
270	118.103297008	90	0.0	-0.085	-0.056786	0.021336	979	640	4	4003
271	33.1771129539	50	0.0	-0.085	0.101540	-0.018612	373	513	4	2950
272	67.7906949572	90	0.0	-0.085	0.045581	0.026641	658	675	4	2989
273	130.623926587	130	0.0	-0.085	-0.078487	0.006495	1097	622	4	3133
274	109.855314157	90	0.0	-0.085	-0.040761	0.027876	934	690	4	2888
275	41.1802691648	50	0.0	-0.085	0.091089	-0.005313	435	574	4	2911
276	110.636223608	130	0.0	-0.085	-0.042653	0.028259	922	657	4	3161
277	119.70108981	130	0.0	-0.085	-0.059743	0.019736	954	672	4	3115
278	63.195072909	90	0.0	-0.085	0.054963	0.023785	640	676	4	2869
279	28.7837635589	50	0.0	-0.085	0.106053	-0.026736	381	521	4	3049
