trial	targetangle_deg	arcangle_deg	homex_cm	homey_cm	handx_cm	handy_cm	tapx_cm	tapy_cm	block	time_ms	selected
73	137.04	130	0	0	-9.1709	8.5394	-8.0203	12.079	1	4583	1
74	52.81	50	0	0	7.2646	9.5742	4.8899	13.226	1	4221	1
75	88.103	90	0	0	0.4067	12.277	-0.040767	15.061	1	3036	1
76	86.171	90	0	0	0.7633	11.406	1.1026	14.803	1	2660	1
77	134.39	130	0	0	-8.9192	9.1115	-11.141	7.9513	1	3606	1
78	54.332	50	0	0	6.8234	9.5068	8.9153	10.99	1	2976	1
79	58.494	50	0	0	6.1941	10.106	5.8426	12.739	1	4315	1
80	130.09	130	0	0	-7.579	9.0022	-10.998	8.9547	1	2887	1
81	87.535	90	0	0	0.4814	11.182	-0.15986	14.516	1	2913	1
82	124.52	130	0	0	-6.4113	9.3205	-8.6634	10.044	1	2499	1
83	51.512	50	0	0	7.1103	8.9426	10.225	9.7573	1	17019	1
84	89.123	90	0	0	0.1801	11.768	-0.75535	15.118	1	2856	1
85	93.215	90	0	0	-0.6517	11.604	-0.75535	15.405	1	2743	1
86	123.25	130	0	0	-6.3026	9.613	-9.0207	10.732	1	2629	1
87	50.906	50	0	0	7.3343	9.0267	7.8197	11.535	1	2393	1
88	127.55	130	0	0	-6.9898	9.0941	-9.4256	10.302	1	2293	1
89	52.5	50	0	0	7.3386	9.5638	7.3909	12.194	1	2574	1
90	86.803	90	0	0	0.6224	11.145	0.22125	15.462	1	2422	1
145	46.489	50	0	0	8.1669	8.6029	8.439	10.302	2	2159	1
146	121.85	130	0	0	-6.4853	10.438	-7.4248	12.194	2	2279	1
147	91.382	90	0	0	-0.2783	11.54	-0.46952	15.405	2	1959	1
148	45.439	50	0	0	8.1136	8.239	9.8205	8.9547	2	1979	1
149	84.124	90	0	0	1.1616	11.287	2.0077	14.545	2	1939	1
150	116.52	130	0	0	-4.9737	9.9667	-5.9718	14.115	2	1979	1
151	27.664	50	0	0	10.636	5.5753	10.702	7.5213	2	2147	1
152	72.457	90	0	0	3.5161	11.122	3.9133	13.57	2	2047	1
153	128.89	130	0	0	-7.3802	9.1501	-10.474	8.582	2	2019	1
154	59.917	50	0	0	5.69	9.8223	4.6755	13.427	2	2869	1
155	72.667	90	0	0	3.4491	11.051	2.103	14.229	2	2137	1
156	120.64	130	0	0	-5.7672	9.7349	-7.9488	11.907	2	2259	1
157	73.161	90	0	0	3.4782	11.492	3.7942	14.258	2	1939	1
158	54.056	50	0	0	6.683	9.2172	7.51	11.449	2	2787	1
159	124.75	130	0	0	-6.485	9.3497	-8.9969	9.9867	2	1900	1
160	80.89	90	0	0	1.7897	11.161	3.3178	14	2	2040	1
161	56.423	50	0	0	6.5568	9.8773	6.8431	12.653	2	2540	1
162	113.31	130	0	0	-4.6323	10.751	-4.1854	13.771	2	2080	1
217	48.187	50	0	0	7.7644	8.6801	8.1531	10.99	3	2750	1
218	91.58	90	0	0	-0.3193	11.575	0.57854	13.857	3	2730	1
219	132.13	130	0	0	-7.5721	8.3706	-7.3772	11.678	3	4810	1
220	51.945	50	0	0	7.1552	9.1403	7.6767	11.42	3	2498	1
221	92.674	90	0	0	-0.5252	11.246	-1.3508	14.745	3	2601	1
222	128.62	130	0	0	-7.1486	8.9499	-8.711	11.019	3	2716	1
223	47.907	50	0	0	7.6942	8.5174	7.2956	11.936	3	3287	1
224	117.96	130	0	0	-5.175	9.7501	-8.1394	11.133	3	3890	1
225	73.292	90	0	0	3.3025	11.002	0.84055	14.774	3	3522	1
226	47.367	50	0	0	7.9011	8.5824	7.6529	11.735	3	2724	1
227	81.123	90	0	0	1.7358	11.114	0.10215	14.946	3	5136	1
228	93.965	130	0	0	-0.5438	7.8456	-3.6613	14.201	3	3296	0
229	90.849	90	0	0	-0.1683	11.363	-0.66007	14.172	3	3056	1
230	57.984	50	0	0	6.0795	9.7231	8.1531	11.735	3	2784	1
231	123.91	130	0	0	-6.2619	9.3151	-8.0917	10.789	3	2982	1
232	65.046	50	0	0	4.9014	10.533	6.9145	11.907	3	2860	1
233	98.44	90	0	0	-1.6737	11.279	-0.25514	14.545	3	2523	1
234	123.04	130	0	0	-6.2011	9.5342	-8.6396	10.761	3	2741	1
289	62.552	50	0	0	5.445	10.483	5.533	13.197	4	2509	1
290	93.345	90	0	0	-0.6628	11.34	-1.7319	15.032	4	2088	1
291	126.83	130	0	0	-6.997	9.3442	-9.8306	9.1553	4	1919	1
292	90.89	90	0	0	-0.1775	11.427	-0.2075	14.545	4	2082	1
293	113.8	130	0	0	-4.6486	10.54	-7.5915	12.624	4	2228	1
294	55.306	50	0	0	6.7543	9.7565	8.2008	11.449	4	2432	1
295	119.02	130	0	0	-5.645	10.178	-8.5443	10.99	4	2164	1
296	56.256	50	0	0	6.4775	9.6964	6.5096	12.337	4	5199	1
297	91.483	90	0	0	-0.2909	11.238	-2.1369	15.061	4	4761	1
298	125.3	130	0	0	-6.4423	9.0992	-8.8301	9.9867	4	2179	1
299	50.69	50	0	0	7.1006	8.672	7.5815	11.85	4	2505	1
300	92.321	90	0	0	-0.4537	11.194	-0.99354	14.229	4	3671	1
301	83.25	90	0	0	1.3264	11.207	-1.1841	14.229	4	2944	1
302	49.896	50	0	0	7.2813	8.6457	9.7014	10.445	4	3110	1
303	120.05	130	0	0	-5.5946	9.6694	-8.4252	11.477	4	2098	1
304	64.209	50	0	0	4.9527	10.249	8.2008	12.051	4	2280	1
305	118.12	130	0	0	-5.2745	9.8682	-8.5919	10.646	4	3626	1
306	89.693	90	0	0	0.061	11.375	-0.96973	14.831	4	4043	1
