0.006281
0.035616
-0.076113
0.007799
0.109702
-0.033714
0.050965
0.026193
0.007756
0.036442
-0.061188
0.018322
0.022513
0.033830
0.096693
-0.012600
-0.065302
0.016899
-0.011256
0.035881
0.088350
-0.001057
0.013648
0.035832
0.090859
-0.002434
-0.050583
0.024309
0.028181
0.033966
0.082108
0.006511
0.008302
0.035219
-0.058500
0.021684
0.079440
0.005088
-0.068457
0.015338
0.021591
0.035219
-0.078606
0.007289
0.034471
0.033478
0.073921
0.009604
-0.062927
0.018810
0.009989
0.037285
0.062618
0.019635
0.049188
0.026659
-0.065688
0.020297
0.026705
0.032222
0.005657
0.037521
-0.056139
0.022614
0.080517
0.011340
0.062199
0.020577
-0.002854
0.035234
-0.056372
0.024006
-0.069436
0.015728
0.088551
-0.002260
-0.002707
0.036237
-0.087971
-0.001354
0.084075
0.002852
-0.003162
0.035042
0.079264
0.008680
0.003473
0.036954
-0.076129
0.010552
-0.044021
0.031183
0.051537
0.026977
-0.001772
0.037628
0.037341
0.032742
0.033715
0.031373
-0.061598
0.019566
0.066853
0.020673
-0.015730
0.037762
-0.076765
0.010033
0.007108
0.034913
0.067185
0.014477
-0.039911
0.029104
-0.016322
0.035315
0.092267
-0.003924
-0.002963
0.035073
-0.065567
0.018002
0.015351
0.034773
0.067019
0.016826
-0.039148
0.031661
0.003507
0.035497
0.040103
0.028860
0.090838
-0.003143
-0.061071
0.021579
0.017155
0.034142
0.048162
0.028887
-0.058328
0.022559
0.051297
0.023952
