-0.021044
0.033197
-0.103977
-0.023718
0.077997
0.008369
-0.034653
0.031457
-0.010827
0.036327
0.072563
0.011767
-0.074610
0.009715
-0.017205
0.034919
0.100807
-0.010291
0.016008
0.037088
0.002533
0.039352
-0.074120
0.012731
0.032859
0.035265
0.029204
0.035080
-0.089726
-0.004859
0.094463
-0.010865
-0.055449
0.022967
-0.017586
0.035059
0.024362
0.033093
-0.039036
0.032201
-0.093687
-0.006932
-0.002977
0.036886
-0.075150
0.012003
0.035085
0.030323
-0.066532
0.018989
0.001606
0.038829
0.042798
0.027628
-0.027568
0.034164
0.018540
0.034957
-0.090614
-0.005287
0.026803
0.032194
0.088769
-0.002568
-0.042671
0.030123
-0.018804
0.036973
-0.069286
0.017639
0.048660
0.028669
-0.036350
0.031264
0.065818
0.015942
-0.077746
0.011216
-0.001841
0.035684
-0.054319
0.022550
0.063641
0.018850
-0.045345
0.027424
0.045698
0.029825
-0.013804
0.035739
-0.026903
0.033909
-0.038386
0.030486
0.050645
0.026327
-0.043623
0.028070
0.056319
0.022599
-0.021232
0.035271
0.000797
0.035487
-0.070712
0.011967
0.063549
0.019474
0.051258
0.023885
-0.037377
0.030264
-0.088272
-0.002052
0.066380
0.015149
-0.043560
0.029639
-0.016096
0.035633
-0.072076
0.013754
0.101811
-0.018272
-0.005455
0.035414
-0.062576
0.021059
0.050313
0.024798
-0.026340
0.034175
-0.073139
0.013340
-0.018327
0.033691
0.085944
0.000686
0.011487
0.037084
-0.075992
0.011193
0.014129
0.035131
