trial	targetangle_deg	arcangle_deg	homex_cm	homey_cm	handx_cm	handy_cm	tapx_cm	tapy_cm	block	time_ms	selected
73	86.498	90	0	0	0.6827	11.155	0.24507	11.199	1	3047	1
74	130.67	130	0	0	-7.2331	8.4183	-9.6162	5.8387	1	3297	1
75	26.576	50	0	0	9.9859	4.9953	9.7728	6.24	1	2575	1
76	62.625	50	0	0	5.2557	10.15	4.3182	10.913	1	2303	1
77	85.485	90	0	0	0.8986	11.379	-0.46952	12.719	1	2357	1
78	120.87	130	0	0	-5.6549	9.4617	-8.2347	9.7947	1	2180	1
79	75.501	90	0	0	2.9388	11.365	2.365	11.945	1	2480	1
80	37.31	50	0	0	8.8299	6.7291	10.13	6.4693	1	2306	1
81	122.52	130	0	0	-5.9948	9.402	-8.6158	7.6733	1	2472	1
82	92.566	130	0	0	-0.5189	11.58	-4.2568	11.887	1	2516	1
83	44.274	50	0	0	8.1288	7.9254	8.3675	8.648	1	2259	1
84	81.715	90	0	0	1.6301	11.195	0.60236	11.945	1	2358	1
85	39.637	50	0	0	8.8629	7.3418	9.4156	7.014	1	2736	1
86	114.92	130	0	0	-4.6959	10.11	-6.3053	10.569	1	2592	1
87	75.622	90	0	0	2.8084	10.955	0.95965	12.747	1	2604	1
88	46.033	50	0	0	7.9752	8.268	8.5819	7.6733	1	2678	1
89	84.441	90	0	0	1.0928	11.228	-0.3266	10.884	1	2672	1
90	118.04	130	0	0	-5.3324	10.012	-8.3061	8.82	1	2540	1
145	46.491	50	0	0	7.7302	8.1434	7.3671	8.562	2	2596	1
146	124.17	130	0	0	-6.3146	9.3015	-8.3538	8.8773	2	2059	1
147	80.054	90	0	0	1.941	11.069	0.55472	11.801	2	2120	1
148	130.48	130	0	0	-7.2451	8.4904	-9.4018	7.8167	2	2119	1
149	74.052	90	0	0	3.2205	11.27	2.2697	11.715	2	2159	1
150	49.308	50	0	0	7.4246	8.6342	8.6772	8.2753	2	2219	1
151	120.98	130	0	0	-5.8457	9.7358	-8.1632	8.8773	2	2159	1
152	85.942	90	0	0	0.8082	11.393	-0.75535	12.461	2	2179	1
153	55.527	50	0	0	6.597	9.6083	7.3671	8.5047	2	2385	1
154	64.027	50	0	0	5.0602	10.387	8.034	9.078	2	2419	1
155	122.53	130	0	0	-6.1416	9.6287	-8.3538	8.9633	2	2399	1
156	78.674	90	0	0	2.228	11.124	2.0077	11.486	2	2320	1
157	86.079	90	0	0	0.7772	11.338	1.6504	12.747	2	2410	1
158	120.91	130	0	0	-5.8987	9.8538	-7.7344	9.2213	2	2385	1
159	47.571	50	0	0	8.0926	8.8535	8.8915	7.702	2	2420	1
160	57.764	50	0	0	6.1264	9.7151	6.4381	9.7087	2	2280	1
161	90.368	90	0	0	-0.0724	11.26	-0.30278	11.228	2	2360	1
162	118.97	130	0	0	-5.547	10.021	-8.2108	7.2433	2	2140	1
217	123.84	130	0	0	-6.3423	9.4604	-8.8301	8.7913	3	2160	1
218	44.89	50	0	0	8.149	8.1177	8.0102	8.132	3	2039	1
219	89.496	90	0	0	0.1002	11.398	-1.1365	12.403	3	2079	1
220	134.3	130	0	0	-8.0305	8.2287	-9.5447	8.046	3	2139	1
221	45.869	50	0	0	7.8955	8.1387	8.2484	8.906	3	2139	1
222	90.277	90	0	0	-0.0544	11.234	-1.2079	11.744	3	2219	1
223	50.527	50	0	0	7.2974	8.8611	6.9383	8.5333	3	2219	1
224	87.973	90	0	0	0.4027	11.38	-0.2075	11.945	3	2199	1
225	127.18	130	0	0	-6.8327	9.0089	-9.0922	7.3293	3	2159	1
226	109.03	130	0	0	-3.8342	11.119	-6.9008	10.511	3	2119	1
227	62.844	50	0	0	5.2841	10.301	4.7708	11.056	3	2219	1
228	89.652	90	0	0	0.0694	11.44	-0.040767	12.117	3	2219	1
229	68.979	50	0	0	4.2019	10.935	6.3667	10.454	3	2183	1
230	72.519	90	0	0	3.4299	10.891	4.4135	11.228	3	2180	1
231	119.22	130	0	0	-5.5138	9.857	-9.0207	7.96	3	2159	1
232	59.09	50	0	0	6.1039	10.195	5.4615	9.9953	3	2240	1
233	96.127	90	0	0	-1.2338	11.494	-1.5176	12.747	3	2579	1
234	125.87	130	0	0	-6.8495	9.472	-9.4971	6.4407	3	2338	1
289	85.134	90	0	0	0.9429	11.075	-0.064586	11.658	4	2020	1
290	52.125	50	0	0	7.1604	9.2063	7.8911	8.2467	4	2039	1
291	110.19	130	0	0	-3.8481	10.467	-6.6864	9.4507	4	2180	1
292	95.597	90	0	0	-1.116	11.389	-0.37424	12.145	4	2328	1
293	41.139	50	0	0	8.5562	7.4742	8.9868	7.9027	4	2280	1
294	93.869	130	0	0	-0.7569	11.191	-4.5665	11.171	4	2320	1
295	123.18	130	0	0	-6.1809	9.454	-9.4256	7.6733	4	2240	1
296	82.614	90	0	0	1.4348	11.068	-0.27896	12.375	4	2240	1
297	52.315	50	0	0	7.2258	9.354	8.6057	7.9887	4	2241	1
298	108.68	130	0	0	-3.6549	10.808	-7.9726	8.9347	4	2259	1
299	87.225	90	0	0	0.5448	11.24	-1.4223	11.314	4	2121	1
300	67.558	50	0	0	4.3441	10.518	5.4377	10.053	4	2147	1
301	38.166	50	0	0	10.015	7.8717	10.559	5.5807	4	2479	1
302	121.86	130	0	0	-6.1209	9.8496	-9.8067	6.4407	4	2079	1
303	81.252	90	0	0	1.6811	10.925	0.14979	12.403	4	2019	1
304	63.859	90	0	0	5.2668	10.731	4.4135	11.257	4	2079	1
305	120.29	130	0	0	-5.7055	9.7671	-9.1398	7.2147	4	2059	1
306	61.055	50	0	0	6.0947	11.02	4.3182	10.913	4	2219	1
