0.011470
0.034526
0.066325
0.018081
-0.090465
-0.005553
0.003885
0.039099
-0.090353
-0.000289
0.029491
0.031511
-0.005920
0.037946
-0.072971
0.013447
0.055155
0.024504
0.085394
0.004513
0.014534
0.034947
-0.063903
0.020748
-0.072849
0.012930
0.029122
0.032783
0.100889
-0.012821
0.085815
0.000082
-0.001390
0.036881
-0.093658
-0.007241
0.076452
0.009338
0.008325
0.038493
-0.077913
0.008140
0.094312
-0.005499
0.016850
0.034392
-0.094869
-0.010352
0.103030
-0.013186
0.025462
0.035432
-0.091845
-0.006369
-0.091493
-0.003542
0.064869
0.020085
-0.003614
0.038480
0.037720
0.033475
0.004397
0.038095
-0.059781
0.024035
-0.105330
-0.019909
0.004760
0.035084
0.078430
0.008328
0.022399
0.036057
0.089393
-0.003925
-0.082248
0.003826
0.042033
0.030466
-0.030616
0.032791
0.086801
0.003305
0.075829
0.008764
-0.026986
0.033880
-0.106323
-0.022669
0.010210
0.036543
0.009976
0.035729
0.081637
0.007760
0.075402
0.008527
-0.083353
0.003006
0.026170
0.032941
-0.093481
-0.006809
0.077035
0.008190
0.011018
0.035359
0.073729
0.010834
-0.024612
0.033135
-0.092696
-0.006890
-0.069614
0.016189
0.046033
0.033813
0.087531
-0.000891
-0.084111
0.000600
0.037614
0.029860
0.090081
-0.005361
-0.088219
0.001145
0.041515
0.029498
0.097992
-0.001585
-0.005041
0.039335
-0.070219
0.017204
0.095248
-0.009296
0.088573
-0.001550
0.038920
0.033000
-0.077105
0.007980
