Trial#	TargetAngle	ArcAngle	XHomePosition(m)	YHomePosition(m)	XTarget(m)	YTarget(m)	XTouch	YTouch	Block#	Time(ms)
139	150.199052308	130	0.0	-0.085	-0.097893	-0.028934	839	826	1	3699
140	152.464718689	90	0.0	-0.085	-0.099204	-0.033280	720	829	1	2169
141	123.393686807	50	0.0	-0.085	-0.063506	0.011335	501	802	1	2089
142	186.352717496	130	0.0	-0.085	-0.117477	-0.098079	959	805	1	2249
143	144.455182418	90	0.0	-0.085	-0.094121	-0.017753	584	746	1	2069
144	88.4550918576	50	0.0	-0.085	0.003108	0.030238	270	622	1	2169
145	101.317602934	50	0.0	-0.085	-0.022424	0.027042	386	721	1	2109
146	126.884071035	90	0.0	-0.085	-0.069392	0.007475	542	835	1	2049
147	212.575159638	130	0.0	-0.085	-0.098412	-0.147877	1089	649	1	3153
148	35.6930497101	50	0.0	-0.085	0.094002	-0.017470	326	632	1	2253
149	155.335636788	90	0.0	-0.085	-0.104755	-0.036897	698	825	1	2149
150	205.158154242	130	0.0	-0.085	-0.105350	-0.134480	908	885	1	2149
151	218.462095601	130	0.0	-0.085	-0.096108	-0.161344	1011	832	1	2130
152	90.0729262816	50	0.0	-0.085	-0.000162	0.042278	460	760	1	2309
153	161.940752775	90	0.0	-0.085	-0.111233	-0.048731	798	799	1	2070
154	148.996732333	90	0.0	-0.085	-0.103811	-0.022616	638	814	1	2357
155	200.454828646	130	0.0	-0.085	-0.109130	-0.125704	1015	773	1	2506
156	81.0426660008	50	0.0	-0.085	0.018378	0.031596	435	795	1	2129
283	58.8724586851	50	0.0	-0.085	0.060849	0.015761	181	560	2	3323
284	204.905011622	130	0.0	-0.085	-0.103993	-0.133283	1031	637	2	3069
285	128.972959534	90	0.0	-0.085	-0.074548	0.007148	584	738	2	2130
286	180.351853065	50	0.0	-0.085	-0.115615	-0.085710	522	766	2	2309
287	160.134894136	90	0.0	-0.085	-0.107175	-0.046277	597	810	2	2130
288	223.050326891	130	0.0	-0.085	-0.082638	-0.162197	896	763	2	3485
289	145.084239634	90	0.0	-0.085	-0.096804	-0.017429	722	776	2	2029
290	161.142141417	50	0.0	-0.085	-0.109710	-0.047528	534	759	2	2069
291	213.49588497	130	0.0	-0.085	-0.096225	-0.148680	939	716	2	3342
292	199.655049291	130	0.0	-0.085	-0.109607	-0.124148	1071	771	2	2209
293	89.9533356841	50	0.0	-0.085	0.000099	0.036555	283	626	2	2269
294	159.542389651	90	0.0	-0.085	-0.108063	-0.044688	676	854	2	4549
295	111.905946149	50	0.0	-0.085	-0.044541	0.025766	376	752	2	3665
296	111.306228224	90	0.0	-0.085	-0.042752	0.024618	569	827	2	3895
297	218.991958233	130	0.0	-0.085	-0.104275	-0.169416	999	666	2	3735
298	177.073182701	90	0.0	-0.085	-0.117472	-0.078994	742	805	2	2519
299	188.377666856	130	0.0	-0.085	-0.113690	-0.101743	1080	745	2	2977
300	27.1732948614	50	0.0	-0.085	0.113671	-0.026648	426	791	2	3023
427	150.097637803	50	0.0	-0.085	-0.110122	-0.021671	473	768	3	4385
428	143.766524261	90	0.0	-0.085	-0.092125	-0.017492	530	860	3	2390
429	226.916127624	130	0.0	-0.085	-0.081024	-0.171633	855	745	3	2450
430	129.435804445	50	0.0	-0.085	-0.070964	0.001283	304	712	3	2314
431	145.048908697	90	0.0	-0.085	-0.096913	-0.017264	504	814	3	2575
432	170.488375966	130	0.0	-0.085	-0.112115	-0.066215	938	757	3	2250
433	146.518413838	90	0.0	-0.085	-0.094599	-0.022430	577	860	3	2250
434	210.196911472	130	0.0	-0.085	-0.098448	-0.142291	1055	796	3	2289
435	105.760743494	50	0.0	-0.085	-0.031223	0.025629	390	728	3	2567
436	152.341374235	90	0.0	-0.085	-0.099332	-0.032941	669	802	3	2089
437	211.148282268	130	0.0	-0.085	-0.098804	-0.144716	1032	728	3	3521
438	116.310965104	50	0.0	-0.085	-0.050823	0.017783	413	748	3	2164
439	123.049511465	50	0.0	-0.085	-0.063495	0.012589	389	697	3	2109
440	200.020741784	130	0.0	-0.085	-0.108642	-0.124587	975	760	3	2500
441	147.00671901	90	0.0	-0.085	-0.101631	-0.019017	622	798	3	2089
442	194.73407778	130	0.0	-0.085	-0.112993	-0.114715	961	721	3	2186
443	210.006151335	50	0.0	-0.085	-0.102299	-0.144077	397	772	3	2411
444	145.379324083	90	0.0	-0.085	-0.095855	-0.018823	827	778	3	2269
571	123.78902558	50	0.0	-0.085	-0.062425	0.008288	461	790	4	4447
572	198.112616494	130	0.0	-0.085	-0.114117	-0.122327	913	788	4	3569
573	142.721335625	90	0.0	-0.085	-0.089471	-0.016894	792	793	4	2229
574	205.870847078	130	0.0	-0.085	-0.103622	-0.135251	939	824	4	3875
575	159.380308154	90	0.0	-0.085	-0.111038	-0.043220	663	821	4	2109
576	107.993290129	50	0.0	-0.085	-0.036269	0.026669	307	749	4	2149
577	193.442362986	130	0.0	-0.085	-0.109491	-0.111170	876	779	4	2229
578	123.869550207	90	0.0	-0.085	-0.064540	0.011156	610	811	4	4453
579	116.797454631	50	0.0	-0.085	-0.051894	0.017744	325	723	4	2269
580	112.485734392	50	0.0	-0.085	-0.044663	0.022902	323	693	4	2169
581	151.072105897	90	0.0	-0.085	-0.099905	-0.029786	596	808	4	2189
582	214.844935104	130	0.0	-0.085	-0.094234	-0.150604	851	788	4	2250
583	217.31374423	50	0.0	-0.085	-0.092505	-0.155505	326	717	4	3916
584	196.658103253	90	0.0	-0.085	-0.109265	-0.117694	546	784	4	2109
585	206.809845328	130	0.0	-0.085	-0.100896	-0.135988	1014	754	4	2130
586	150.38012703	90	0.0	-0.085	-0.100324	-0.027962	632	793	4	2190
587	183.88773104	130	0.0	-0.085	-0.114762	-0.092799	936	757	4	7953
588	119.105994068	50	0.0	-0.085	-0.057469	0.018226	347	658	4	2069
