-0.104156
-0.024253
-0.107036
-0.029111
-0.068183
0.017899
-0.123798
-0.102286
-0.100291
-0.010915
0.002805
0.039678
-0.028119
0.034900
-0.076739
0.011126
-0.102286
-0.155447
0.103383
-0.015541
-0.109213
-0.031372
-0.112465
-0.139982
-0.103867
-0.158016
-0.007892
0.036185
-0.116793
-0.044500
-0.108083
-0.019141
-0.111808
-0.134847
0.009698
0.034851
0.060914
0.024847
-0.111483
-0.136573
-0.082039
0.010688
-0.123148
-0.084591
-0.113599
-0.043205
-0.088336
-0.168409
-0.104954
-0.018235
-0.116629
-0.045894
-0.103790
-0.154003
-0.116601
-0.128219
-0.008875
0.038728
-0.112248
-0.039353
-0.050866
0.029584
-0.044998
0.029806
-0.098576
-0.161880
-0.123787
-0.076623
-0.119252
-0.103020
0.119242
-0.034676
-0.108256
-0.031232
-0.100710
-0.013783
-0.084602
-0.178311
-0.076885
0.008703
-0.103724
-0.016209
-0.119923
-0.066502
-0.100633
-0.018091
-0.105798
-0.144988
-0.037684
0.028997
-0.105649
-0.026769
-0.107600
-0.144117
-0.059619
0.020550
-0.068901
0.020037
-0.117007
-0.128525
-0.108554
-0.020498
-0.119875
-0.113354
-0.105877
-0.150296
-0.103352
-0.018095
-0.071153
0.012361
-0.122015
-0.123806
-0.096274
-0.010361
-0.111027
-0.137551
-0.117695
-0.038472
-0.041039
0.033299
-0.117735
-0.110983
-0.068939
0.019628
-0.056299
0.024318
-0.049508
0.029539
-0.108543
-0.025780
-0.101946
-0.152181
-0.098747
-0.158924
-0.118235
-0.118147
-0.110446
-0.134500
-0.105653
-0.020246
-0.121616
-0.088060
-0.062374
0.025470
