trial	targetangle_deg	arcangle_deg	homex_cm	homey_cm	handx_cm	handy_cm	tapx_cm	tapy_cm	block	time_ms	selected
139	74.741	50	0	0	3.0864	11.314	5.8426	11.085	1	2269	1
140	139.24	130	0	0	-8.8575	7.6354	-9.6876	7.1287	1	2189	1
141	107.26	90	0	0	-3.4419	11.076	-1.2794	12.375	1	2129	1
142	73.925	50	0	0	3.2761	11.369	4.08	10.827	1	2232	1
143	132.89	130	0	0	-7.7857	8.3804	-9.7829	7.5587	1	2109	1
144	105.01	90	0	0	-3.0635	11.428	-2.1369	12.174	1	2149	1
145	105.32	90	0	0	-3.171	11.578	0.93583	12.747	1	2221	1
146	66.165	50	0	0	5.0112	11.343	5.1519	11.429	1	2731	1
147	131.69	130	0	0	-8.0597	9.048	-9.8544	7.358	1	2149	1
148	96.886	90	0	0	-1.3997	11.59	-0.42188	12.547	1	3039	1
149	120.27	130	0	0	-5.8546	10.029	-7.8774	9.4793	1	2217	1
150	64.366	50	0	0	5.024	10.47	5.795	10.397	1	2169	1
151	60.199	50	0	0	5.8046	10.135	7.0574	9.9953	1	2257	1
152	97.403	90	0	0	-1.4695	11.309	1.0549	11.744	1	2169	1
153	121.13	130	0	0	-6.0159	9.9592	-7.1151	9.8807	1	2189	1
154	119.71	130	0	0	-5.8387	10.233	-7.4963	10.483	1	2132	1
155	64.59	50	0	0	5.2251	10.999	5.7712	11.343	1	3133	1
156	104.86	90	0	0	-3.0483	11.489	-0.96973	11.515	1	2170	1
283	102.58	90	0	0	-2.5469	11.411	-0.37424	13.407	2	2290	1
284	125.66	130	0	0	-6.7431	9.3982	-9.7353	7.9313	2	2130	1
285	66.916	50	0	0	4.589	10.767	5.3424	10.769	2	2190	1
286	104.88	90	0	0	-3.0591	11.515	-1.7558	12.002	2	2150	1
287	129.73	130	0	0	-7.485	9.0067	-9.4256	8.2753	2	2129	1
288	70.383	50	0	0	4.3801	12.289	3.6036	11.056	2	2478	1
289	110.08	90	0	0	-4.5176	12.358	-5.3287	11.314	2	2909	1
290	63.682	50	0	0	5.2851	10.685	6.6763	10.081	2	2196	1
291	125.07	130	0	0	-6.8311	9.7302	-8.3299	8.6767	2	2149	1
292	116.91	130	0	0	-5.5089	10.854	-6.0433	11.027	2	2316	1
293	96.257	90	0	0	-1.2359	11.272	-1.1603	12.432	2	2129	1
294	55.465	50	0	0	7.0179	10.198	8.4151	8.7627	2	2209	1
295	115.75	130	0	0	-4.9787	10.324	-5.8289	11.142	2	2704	1
296	52.095	50	0	0	7.5404	9.6845	3.6036	11.629	2	2229	1
297	97.686	90	0	0	-1.5783	11.694	1.174	11.572	2	2109	1
298	121.47	130	0	0	-6.3938	10.445	-8.3061	9.5653	2	2718	1
299	88.896	90	0	0	0.2309	11.984	0.26889	11.371	2	2109	1
300	53.124	50	0	0	7.6376	10.181	4.7708	11.572	2	2190	1
427	67.168	50	0	0	4.5633	10.839	3.1987	11.515	3	2210	1
428	123.55	130	0	0	-6.2914	9.4867	-8.7349	8.82	3	2170	1
429	92.346	90	0	0	-0.4916	11.999	-0.73153	11.973	3	2428	1
430	120.19	130	0	0	-6.0429	10.388	-6.6388	11.027	3	2352	1
431	61.678	50	0	0	5.7553	10.679	4.7469	11.973	3	2169	1
432	100.48	90	0	0	-2.1221	11.473	-1.1126	12.432	3	2129	1
433	110.38	130	0	0	-4.1346	11.128	-6.3053	10.913	3	2109	1
434	93.196	90	0	0	-0.6487	11.616	0.29271	12.805	3	2069	1
435	59.147	50	0	0	6.4136	10.736	7.6291	9.25	3	2109	1
436	67.411	50	0	0	4.4665	10.736	5.5568	11.486	3	2069	1
437	104.02	90	0	0	-2.9177	11.685	-1.8034	12.805	3	2149	1
438	116.3	130	0	0	-5.4561	11.038	-7.2581	11.113	3	2069	1
439	58.824	50	0	0	6.3128	10.434	7.6529	9.508	3	2149	1
440	99.873	90	0	0	-2.0218	11.617	0.17361	13.12	3	2296	1
441	117.45	130	0	0	-5.5652	10.713	-6.4244	10.97	3	2069	1
442	62.697	50	0	0	5.6575	10.96	6.3667	10.54	3	2109	1
443	93.372	90	0	0	-0.7083	12.02	0.79291	12.145	3	2069	1
444	112.96	130	0	0	-4.4384	10.477	-6.0671	11.228	3	2460	1
571	90.839	90	0	0	-0.166	11.34	1.5551	13.063	4	2778	1
572	126.68	130	0	0	-6.7551	9.0691	-9.1398	8.1893	4	2178	1
573	64.991	50	0	0	5.016	10.752	5.8426	10.913	4	2214	1
574	100.79	90	0	0	-2.2745	11.935	-2.518	12.518	4	2366	1
575	66.537	50	0	0	4.6691	10.757	4.4611	11.601	4	2241	1
576	118.75	130	0	0	-5.9093	10.773	-9.378	7.2147	4	2189	1
577	54.814	50	0	0	6.7408	9.5606	7.5338	9.3073	4	2223	1
578	118.23	130	0	0	-5.655	10.533	-9.2827	6.8133	4	2293	1
579	96.041	90	0	0	-1.1914	11.258	-3.8757	11.945	4	2164	1
580	63.238	50	0	0	5.2094	10.33	5.0804	11.171	4	2129	1
581	113.93	130	0	0	-4.8468	10.924	-6.8055	10.397	4	2129	1
582	88.105	90	0	0	0.3739	11.303	1.9601	13.005	4	2774	1
583	104.5	130	0	0	-2.8943	11.189	-3.2326	12.174	4	2149	1
584	93.61	90	0	0	-0.722	11.444	-0.016948	12.203	4	2842	1
585	65.435	50	0	0	4.8493	10.609	4.3182	11.486	4	2209	1
586	110.74	130	0	0	-4.1619	10.993	-5.1381	11.429	4	2169	1
587	102.66	90	0	0	-2.522	11.224	-1.9225	12.919	4	2253	1
588	66.086	50	0	0	4.67	10.532	5.4853	11.199	4	2789	1
