0.058590
0.020834
-0.068272
0.015539
0.007864
0.036249
0.074921
0.009846
-0.088652
-0.002891
0.000959
0.036523
-0.016901
0.034587
0.062584
0.020457
-0.068195
0.015404
-0.091226
-0.005050
0.000871
0.036037
0.071494
0.012965
0.003894
0.036082
-0.087466
-0.000252
0.075892
0.009553
-0.081297
0.004916
0.016440
0.037132
0.044747
0.028599
0.061120
0.018537
-0.074792
0.008955
-0.049948
0.024226
0.014732
0.036991
-0.081427
0.006674
0.085610
-0.000068
0.065360
0.016621
0.003531
0.036241
-0.104400
-0.024008
-0.087880
-0.000720
0.057891
0.022073
-0.006419
0.035132
0.058474
0.020443
-0.005781
0.036064
-0.102182
-0.020396
-0.023917
0.033915
-0.101827
-0.019316
0.086540
-0.001300
-0.100960
-0.019089
0.067015
0.014869
-0.016451
0.034542
0.079333
0.008408
-0.059231
0.020545
0.008002
0.035118
-0.091253
-0.005413
0.052221
0.023487
-0.020570
0.034182
0.067470
0.015548
0.003687
0.036923
-0.056969
0.021575
0.058331
0.022241
-0.062608
0.019761
0.004830
0.035279
-0.062545
0.017759
0.022330
0.033629
-0.000809
0.035552
0.060171
0.021492
-0.057685
0.021800
-0.050050
0.026023
-0.003101
0.036790
-0.096794
-0.012616
0.024044
0.033694
-0.092231
-0.008205
0.052383
0.023181
-0.030798
0.031253
-0.001769
0.035878
0.028548
0.033627
-0.062805
0.018133
0.018641
0.033926
0.005987
0.035257
-0.106293
-0.024690
-0.065154
0.017137
0.001894
0.037401
0.018217
0.035271
