Trial#	TargetAngle	ArcAngle	XHomePosition(m)	YHomePosition(m)	XTarget(m)	YTarget(m)	XTouch	YTouch	Block#	Time(ms)
46	114.192949677	90	0.0	-0.085	-0.050276	0.026906	983	664	1	5161
47	55.6103586865	50	0.0	-0.085	0.068950	0.015738	587	677	1	4787
48	134.122975402	130	0.0	-0.085	-0.086195	0.003875	1093	595	1	4319
49	105.496109865	130	0.0	-0.085	-0.032424	0.031948	929	713	1	4569
50	72.3793326057	90	0.0	-0.085	0.036751	0.030709	645	674	1	4433
51	51.6654695026	50	0.0	-0.085	0.079512	0.015555	502	620	1	4717
52	148.166087046	130	0.0	-0.085	-0.107848	-0.018043	1175	529	1	4944
53	50.2060335391	50	0.0	-0.085	0.080920	0.012144	491	594	1	4062
54	119.945887065	90	0.0	-0.085	-0.062177	0.022929	988	672	1	4388
55	35.4695884401	50	0.0	-0.085	0.103806	-0.011039	421	561	1	3869
56	69.8107905512	90	0.0	-0.085	0.043747	0.033970	623	654	1	4265
57	157.397033594	130	0.0	-0.085	-0.118464	-0.035681	1218	469	1	4199
58	134.524963975	130	0.0	-0.085	-0.090964	0.007485	1136	566	1	3921
59	42.1406295938	50	0.0	-0.085	0.095405	0.001328	424	551	1	4459
60	72.3906786996	90	0.0	-0.085	0.038733	0.037033	607	677	1	4193
61	155.437614453	130	0.0	-0.085	-0.110631	-0.034437	1213	479	1	3949
62	69.3398281786	50	0.0	-0.085	0.043991	0.031664	571	647	1	4473
63	90.2664749877	90	0.0	-0.085	-0.000575	0.038632	694	687	1	4366
118	75.5191075462	50	0.0	-0.085	0.030697	0.033860	683	706	2	3641
119	111.943391049	130	0.0	-0.085	-0.047241	0.032259	1003	687	2	3202
120	94.8807701662	90	0.0	-0.085	-0.010490	0.037845	848	715	2	3189
121	67.4290245014	90	0.0	-0.085	0.050069	0.035455	613	672	2	3448
122	77.8944485762	50	0.0	-0.085	0.025967	0.036068	685	680	2	3584
123	151.001029853	130	0.0	-0.085	-0.107349	-0.025498	1222	459	2	3749
124	147.261408584	130	0.0	-0.085	-0.110144	-0.014184	1194	526	2	3691
125	90.2923581594	90	0.0	-0.085	-0.000634	0.039249	799	704	2	3659
126	31.489577043	50	0.0	-0.085	0.102545	-0.022186	389	527	2	4049
127	21.7237059741	50	0.0	-0.085	0.121731	-0.036499	334	455	2	4145
128	133.96058262	130	0.0	-0.085	-0.084233	0.002346	1173	559	2	3807
129	89.9414356537	90	0.0	-0.085	0.000127	0.039249	775	699	2	3823
130	76.4065175022	50	0.0	-0.085	0.029573	0.037301	686	686	2	4405
131	150.150841722	130	0.0	-0.085	-0.109946	-0.021908	1201	484	2	4487
132	108.471214851	90	0.0	-0.085	-0.039097	0.032044	907	690	2	4351
133	118.44761771	130	0.0	-0.085	-0.059070	0.024031	981	650	2	4019
134	52.2609388064	50	0.0	-0.085	0.075195	0.012154	512	622	2	4040
135	117.307845427	90	0.0	-0.085	-0.058288	0.027893	1007	674	2	4428
190	76.3074108042	50	0.0	-0.085	0.029137	0.034592	690	688	3	4053
191	129.060084852	130	0.0	-0.085	-0.079336	0.012762	1123	606	3	3564
192	61.6040222105	90	0.0	-0.085	0.057812	0.021939	606	673	3	3478
193	107.258013866	90	0.0	-0.085	-0.037874	0.036914	991	674	3	3591
194	136.580142467	130	0.0	-0.085	-0.087893	-0.001826	1177	542	3	3555
195	26.708108853	50	0.0	-0.085	0.107842	-0.030742	374	511	3	4047
196	63.6261210932	90	0.0	-0.085	0.053349	0.022594	599	675	3	3567
197	54.0392427555	50	0.0	-0.085	0.071185	0.013119	563	664	3	3751
198	136.828207487	130	0.0	-0.085	-0.087984	-0.002459	1174	541	3	3883
199	76.1232459336	50	0.0	-0.085	0.031157	0.041119	696	683	3	4269
200	88.2509929634	90	0.0	-0.085	0.003719	0.036793	801	708	3	3945
201	113.745325928	130	0.0	-0.085	-0.051875	0.032921	999	666	3	3799
202	21.1899299729	50	0.0	-0.085	0.117994	-0.039257	332	478	3	4321
203	131.330480486	130	0.0	-0.085	-0.081850	0.008068	1187	537	3	3531
204	74.7564222308	90	0.0	-0.085	0.032513	0.034309	721	692	3	3707
205	102.827877901	90	0.0	-0.085	-0.028226	0.038958	909	702	3	3847
206	29.985452377	50	0.0	-0.085	0.104497	-0.024704	368	521	3	3800
207	121.756727339	130	0.0	-0.085	-0.066088	0.021769	1048	665	3	3722
262	74.669863413	50	0.0	-0.085	0.032108	0.032125	698	690	4	3591
263	124.402075068	130	0.0	-0.085	-0.068915	0.015640	1126	611	4	3634
264	67.806399824	90	0.0	-0.085	0.047938	0.032506	661	661	4	3870
265	119.26879579	130	0.0	-0.085	-0.058699	0.019734	1070	635	4	3507
266	107.2959118	90	0.0	-0.085	-0.037491	0.035400	978	681	4	3759
267	43.1098034327	50	0.0	-0.085	0.088629	-0.002034	457	600	4	3889
268	22.1214168472	50	0.0	-0.085	0.117997	-0.037035	361	477	4	3858
269	107.647457415	90	0.0	-0.085	-0.036676	0.030286	922	715	4	4007
270	120.042859658	130	0.0	-0.085	-0.061206	0.020829	1030	640	4	4071
271	105.119997509	130	0.0	-0.085	-0.031799	0.032689	926	674	4	4203
272	23.4385531958	50	0.0	-0.085	0.114140	-0.035516	364	474	4	4085
273	73.7221010428	90	0.0	-0.085	0.033909	0.031126	665	678	4	3999
274	63.7395011737	50	0.0	-0.085	0.054387	0.025235	601	662	4	4001
275	125.618707551	130	0.0	-0.085	-0.072525	0.016232	1139	569	4	4123
276	64.7951396167	90	0.0	-0.085	0.051436	0.024283	620	649	4	4157
277	75.6508558208	90	0.0	-0.085	0.030653	0.034827	680	695	4	4080
278	147.168786555	130	0.0	-0.085	-0.103066	-0.018499	1225	480	4	4186
279	52.1792032564	50	0.0	-0.085	0.077793	0.015215	487	619	4	3568
