trial	targetangle_deg	arcangle_deg	homex_cm	homey_cm	handx_cm	handy_cm	tapx_cm	tapy_cm	block	time_ms	selected
73	83.572	90	0	0	1.2665	11.241	-0.25514	14.545	1	3469	1
74	42.523	50	0	0	8.1463	7.4708	10.702	7.8367	1	2785	1
75	137.73	130	0	0	-8.282	7.5272	-10.736	7.9227	1	2599	1
76	92.719	90	0	0	-0.5442	11.458	2.2459	14.487	1	2609	1
77	119.77	130	0	0	-5.7734	10.091	-3.8519	13.656	1	2425	1
78	67.985	50	0	0	4.2764	10.577	6.986	12.595	1	2415	1
79	98.024	50	0	0	-1.6302	11.564	2.5079	14.201	1	2535	1
80	77.268	90	0	0	2.4844	10.996	5.7712	13.169	1	2431	1
81	102.25	130	0	0	-2.4538	11.299	-2.6609	14.143	1	2563	1
82	125.68	130	0	0	-6.4737	9.0153	-7.2819	11.993	1	2573	1
83	86.727	90	0	0	0.6541	11.436	3.7942	14.115	1	2350	1
84	63.162	50	0	0	5.1972	10.272	7.7006	11.993	1	2505	1
85	83.198	50	0	0	1.3794	11.564	3.7465	13.398	1	2523	1
86	121.83	130	0	0	-5.8846	9.4793	-8.1156	12.137	1	3085	1
87	91.151	90	0	0	-0.2324	11.572	2.2221	14.487	1	2455	1
88	53.374	50	0	0	6.748	9.0777	11.083	7.894	1	2311	1
89	130.24	130	0	0	-7.4556	8.811	-9.2351	9.786	1	2651	1
90	87.344	90	0	0	0.535	11.532	0.24507	14.487	1	2275	1
145	50.563	50	0	0	7.3237	8.9044	9.3203	10.273	2	2197	1
146	134.37	130	0	0	-7.8814	8.0573	-9.0922	9.3273	2	2048	1
147	78.126	90	0	0	2.3106	10.989	5.2233	13.341	2	1968	1
148	144.54	130	0	0	-9.3423	6.655	-9.8067	6.69	2	2304	1
149	104.46	90	0	0	-2.8615	11.095	-2.4227	14.115	2	2055	1
150	62.048	50	0	0	5.4519	10.274	7.1527	11.879	2	2247	1
151	115.3	130	0	0	-4.821	10.198	-4.3759	13.857	2	1940	1
152	71.963	50	0	0	3.6175	11.109	4.8899	13.427	2	2002	1
153	78.305	90	0	0	2.3159	11.188	4.9137	13.226	2	3348	1
154	122.51	130	0	0	-6.1354	9.6281	-2.1845	14.373	2	2336	1
155	107.15	90	0	0	-3.3231	10.767	-1.8749	14.344	2	1968	1
156	71.264	50	0	0	3.7189	10.965	5.7474	13.054	2	2040	1
157	85.524	90	0	0	0.8679	11.087	4.9613	13.341	2	2106	1
158	106.44	130	0	0	-3.144	10.653	-2.9706	14.373	2	2336	1
159	78.733	50	0	0	2.2525	11.307	4.9375	13.341	2	2072	1
160	121.51	130	0	0	-5.8914	9.6114	-5.9242	13.054	2	2692	1
161	96.185	90	0	0	-1.2424	11.465	-0.58861	14.487	2	2076	1
162	72.953	50	0	0	3.3915	11.061	4.7946	12.911	2	1992	1
217	50.199	50	0	0	7.2127	8.6566	9.9396	9.0693	3	1971	1
218	139.84	130	0	0	-8.6825	7.327	-10.093	6.7187	3	1959	1
219	85.374	90	0	0	0.932	11.517	4.9375	13.455	3	1899	1
220	129.35	130	0	0	-7.2733	8.8708	-7.7106	10.56	3	2139	1
221	105.21	90	0	0	-3.0521	11.226	-3.4469	13.541	3	2313	1
222	80.764	50	0	0	1.9278	11.856	2.1506	14.602	3	2085	1
223	46.824	50	0	0	7.8013	8.3146	10.702	8.2093	3	2271	1
224	91.733	90	0	0	-0.3504	11.582	-0.3266	14.545	3	2723	1
225	120.88	130	0	0	-5.786	9.677	-6.6864	12.882	3	2213	1
226	102.43	90	0	0	-2.5299	11.475	-3.2326	14.344	3	2141	1
227	139.88	130	0	0	-8.6505	7.2895	-9.6876	8.0947	3	2315	1
228	67.674	50	0	0	4.3386	10.565	6.5096	11.85	3	2103	1
229	112.86	130	0	0	-4.4086	10.459	-3.2326	14.115	3	2077	1
230	60.835	50	0	0	5.5982	10.031	6.1523	12.223	3	2105	1
231	89.754	90	0	0	0.0477	11.132	2.1744	14.115	3	2143	1
232	139.8	130	0	0	-8.639	7.3001	-10.474	8.324	3	1980	1
233	69.358	50	0	0	4.0974	10.877	4.7708	13.513	3	1987	1
234	98.015	90	0	0	-1.6188	11.496	-2.3989	14.373	3	2250	1
289	86.293	90	0	0	0.72	11.114	1.8886	14.688	4	2724	1
290	134.94	130	0	0	-7.9168	7.9331	-9.9973	8.926	4	1965	1
291	53.441	50	0	0	6.9786	9.4109	9.9634	9.184	4	1958	1
292	115.49	130	0	0	-5.0148	10.517	-3.2326	13.255	4	2649	1
293	97.984	90	0	0	-1.5997	11.406	-3.709	13.369	4	2369	1
294	72.383	50	0	0	3.4578	10.889	3.818	13.885	4	1881	1
295	83.959	50	0	0	1.2514	11.826	2.0792	14.688	4	1879	1
296	81.859	90	0	0	1.6345	11.426	3.818	13.885	4	1860	1
297	125.46	130	0	0	-6.8316	9.5922	-9.64	9.9007	4	1860	1
298	81.545	90	0	0	1.6809	11.308	4.3658	13.627	4	1960	1
299	114.18	130	0	0	-4.6385	10.33	-7.1151	12.28	4	1879	1
300	62.142	50	0	0	5.2531	9.9388	5.3662	12.538	4	1859	1
301	120.7	130	0	0	-5.9808	10.073	-7.6392	11.391	4	1884	1
302	98.219	90	0	0	-1.6356	11.323	-1.0412	14.573	4	2517	1
303	43.61	50	0	0	8.293	7.9001	10.726	8.6967	4	1999	1
304	55.92	50	0	0	6.4364	9.5136	9.1297	9.9867	4	1963	1
305	138.53	130	0	0	-8.4849	7.4983	-10.021	7.2633	4	1998	1
306	100.9	90	0	0	-2.134	11.079	0.45944	14.344	4	1815	1
