trial	targetangle_deg	arcangle_deg	homex_cm	homey_cm	handx_cm	handy_cm	tapx_cm	tapy_cm	block	time_ms	selected
73	96.84	90	0	0	-1.3821	11.522	-6.1643	10.945	1	2664	1
74	56.729	50	0	0	6.1239	9.333	1.7437	10.401	1	2319	1
75	151.17	130	0	0	-9.9749	5.4898	-12.31	3.2627	1	2059	1
76	107.27	130	0	0	-3.3092	10.642	-4.5922	9.77	1	2059	1
77	73.929	90	0	0	3.2142	11.157	3.959	8.5087	1	2179	1
78	54.47	50	0	0	6.5211	9.1321	5.1023	2.9473	1	2219	0
79	74.987	50	0	0	2.9225	10.897	4.9594	8.05	1	2239	1
80	130.25	130	0	0	-7.2908	8.6128	-7.5935	7.0467	1	2059	1
81	75.26	90	0	0	2.8484	10.826	4.6497	7.9927	1	2119	1
82	116.77	130	0	0	-5.097	10.103	-3.2583	10.028	1	2239	1
83	100.28	90	0	0	-2.0109	11.088	-2.7819	9.7987	1	2499	1
84	74.06	50	0	0	3.077	10.774	3.3158	9.1967	1	2240	1
85	130.19	130	0	0	-7.2033	8.5259	-8.2128	7.7633	1	2420	1
86	72.237	50	0	0	3.4535	10.78	3.4349	8.8813	1	2060	1
87	112.71	90	0	0	-4.3841	10.473	-5.1639	10.63	1	2161	1
88	70.888	50	0	0	3.6828	10.628	3.1015	9.7127	1	2119	1
89	109.6	90	0	0	-3.8008	10.673	-6.0929	11.175	1	2019	1
90	123.87	130	0	0	-6.2758	9.3508	-9.3561	7.706	1	2259	1
145	86.196	90	0	0	0.7506	11.29	1.0768	11.719	2	3237	1
146	132.22	130	0	0	-7.4977	8.2636	-11.166	6.4447	2	2179	1
147	60.476	50	0	0	5.6329	9.9462	8.437	6.6167	2	2179	1
148	62.48	50	0	0	5.2434	10.064	11.01	2.7467	2	2159	0
149	144.03	130	0	0	-9.1174	6.618	-11.357	5.04	2	2391	1
150	76.105	90	0	0	2.7106	10.957	5.0547	8.3653	2	2239	1
151	112.27	90	0	0	-4.2574	10.395	-4.759	10.171	2	4981	1
152	59.224	50	0	0	5.7757	9.6981	7.7939	6.0433	2	2219	1
153	144.96	130	0	0	-9.1923	6.4461	-11.643	3.664	2	2577	1
154	74.388	50	0	0	3.0042	10.751	6.4362	6.7887	2	2339	1
155	110.92	90	0	0	-4.0388	10.567	-4.2111	9.0533	2	2447	1
156	136	130	0	0	-8.0021	7.7268	-8.5939	6.846	2	2019	1
157	114.91	130	0	0	-4.6969	10.116	-9.8087	7.62	2	2040	1
158	80.272	50	0	0	1.9493	11.371	2.8633	8.9387	2	2119	1
159	104.73	90	0	0	-2.8641	10.891	1.3388	11.977	2	3436	1
160	101.32	90	0	0	-2.2152	11.069	0.62423	11.06	2	2139	1
161	135.32	130	0	0	-7.9908	7.9023	-6.069	10.429	2	2119	1
162	53.215	50	0	0	6.8867	9.2106	7.913	6.072	2	2711	1
217	96.291	90	0	0	-1.2586	11.417	-3.4489	11.691	3	2750	1
218	46.801	50	0	0	7.9224	8.4369	9.6042	4.954	3	2139	1
219	139.41	130	0	0	-8.4685	7.2569	-5.2354	9.2253	3	2019	1
220	44.769	50	0	0	8.0649	8	9.1754	4.5527	3	2460	1
221	142.66	130	0	0	-9.0136	6.8766	-7.0218	6.7887	3	2039	1
222	74.496	90	0	0	3.0466	10.982	5.1023	8.996	3	2199	1
223	146.72	130	0	0	-9.3974	6.168	-5.9976	5.9573	3	2280	1
224	79.884	90	0	0	1.9591	10.98	4.1019	7.448	3	4120	1
225	48.232	50	0	0	7.6274	8.5404	12.51	0.88334	3	1974	0
226	127.95	90	0	0	-6.8199	8.744	-4.616	7.8493	3	1919	1
227	116.28	130	0	0	-4.9932	10.11	-2.1626	9.6267	3	1999	1
228	46.727	50	0	0	7.7336	8.2144	8.6037	4.4667	3	2039	1
229	144.25	130	0	0	-8.9956	6.4761	-8.6177	6.502	3	2059	1
230	74.329	90	0	0	3.0118	10.735	2.1487	10.229	3	1959	1
231	40.033	50	0	0	8.6436	7.2614	10.271	2.6033	3	2019	1
232	42.429	50	0	0	8.3972	7.6755	11.438	2.9473	3	2155	1
233	115.83	90	0	0	-4.8452	10.01	-4.2588	10.573	3	2199	1
234	124.49	130	0	0	-6.3413	9.2293	-7.9984	10.114	3	2305	1
289	135.2	130	0	0	-7.9216	7.8664	-10.261	9.77	4	2040	1
290	45.058	50	0	0	8.2694	8.2862	10.009	4.7247	4	1920	1
291	124.45	90	0	0	-6.3246	9.2183	-4.5208	10.401	4	1859	1
292	114.38	130	0	0	-4.5768	10.098	-4.7351	9.6553	4	1879	1
293	107.13	90	0	0	-3.285	10.657	-4.4969	9.77	4	2212	1
294	55.841	50	0	0	6.4387	9.4888	6.7697	6.9893	4	2059	1
295	100.08	90	0	0	-1.9568	11.012	-0.25709	9.3113	4	1919	1
296	53.128	50	0	0	6.8546	9.1387	7.1031	7.2473	4	2119	1
297	142.39	130	0	0	-8.7438	6.7357	-8.4986	7.5627	4	2159	1
298	54.894	50	0	0	6.7003	9.5313	8.6514	5.6707	4	2984	1
299	119.88	90	0	0	-5.5473	9.6558	-3.568	9.9133	4	2286	1
300	119.14	130	0	0	-5.5328	9.9248	-5.5212	8.8527	4	2688	1
301	49.455	50	0	0	7.4404	8.6978	8.1035	5.7567	4	1979	1
302	115.55	90	0	0	-4.7854	10.012	-3.1869	10.229	4	2102	1
303	119.22	130	0	0	-5.4273	9.702	-3.9015	8.3653	4	2076	1
304	84.404	90	0	0	1.1105	11.334	2.7918	8.5373	4	2279	1
305	128.1	130	0	0	-6.8275	8.7076	-5.283	8.5087	4	2179	1
306	53.082	50	0	0	6.9843	9.296	1.053	6.158	4	2219	0
