Trial#	TargetAngle	ArcAngle	XHomePosition(m)	YHomePosition(m)	XTarget(m)	YTarget(m)	XTouch	YTouch	Block#	Time(ms)
139	87.0739627663	130	0.0	-0.085	0.005837	0.029197	643	720	1	3858
140	47.0879279043	90	0.0	-0.085	0.077015	-0.002157	420	595	1	2391
141	136.871469659	50	0.0	-0.085	-0.082788	-0.007451	1070	640	1	2548
142	136.821721235	90	0.0	-0.085	-0.081313	-0.008700	1104	617	1	2263
143	44.2331173729	130	0.0	-0.085	0.080667	-0.006464	275	418	1	3005
144	89.9206121129	50	0.0	-0.085	0.000153	0.025423	448	575	1	2389
145	137.584361977	130	0.0	-0.085	-0.084250	-0.008027	1053	644	1	2395
146	45.8810421482	90	0.0	-0.085	0.076736	-0.005867	203	391	1	2408
147	89.5059376094	50	0.0	-0.085	0.000966	0.027023	571	648	1	3752
148	44.029537013	130	0.0	-0.085	0.079485	-0.008163	187	385	1	3140
149	88.5166659267	50	0.0	-0.085	0.002867	0.025717	612	747	1	2249
150	135.806020143	90	0.0	-0.085	-0.079180	-0.008017	888	736	1	2426
151	137.20247369	130	0.0	-0.085	-0.082611	-0.008508	1075	646	1	3200
152	44.68355301	90	0.0	-0.085	0.078740	-0.007125	238	456	1	2522
153	89.0816941128	50	0.0	-0.085	0.001770	0.025426	344	505	1	2908
154	46.0645526268	90	0.0	-0.085	0.077480	-0.004586	268	401	1	2209
155	137.879474827	130	0.0	-0.085	-0.083431	-0.009560	1075	615	1	2229
156	89.5717338992	50	0.0	-0.085	0.000834	0.026575	500	565	1	2169
283	135.941778555	90	0.0	-0.085	-0.080042	-0.007547	1133	610	2	2612
284	87.3858464309	130	0.0	-0.085	0.005139	0.027556	461	633	2	2900
285	48.3952224982	50	0.0	-0.085	0.076123	0.000725	170	496	2	2269
286	46.6183553967	90	0.0	-0.085	0.077112	-0.003404	242	469	2	2229
287	136.644960664	130	0.0	-0.085	-0.080885	-0.008631	1192	665	2	2249
288	86.6867586508	50	0.0	-0.085	0.006712	0.030941	534	643	2	2229
289	86.8473014428	90	0.0	-0.085	0.006262	0.028688	558	645	2	2269
290	45.3736612337	50	0.0	-0.085	0.077538	-0.006444	208	430	2	2169
291	136.944907934	130	0.0	-0.085	-0.081342	-0.009001	793	742	2	2249
292	87.6051197907	50	0.0	-0.085	0.004718	0.027809	544	667	2	2169
293	136.570416869	90	0.0	-0.085	-0.080422	-0.008870	1087	718	2	2129
294	47.2650418631	130	0.0	-0.085	0.077789	-0.000804	260	422	2	2129
295	137.84897219	130	0.0	-0.085	-0.084304	-0.008689	1194	611	2	2269
296	44.1579877859	50	0.0	-0.085	0.079294	-0.008003	276	484	2	2878
297	87.4735626364	90	0.0	-0.085	0.004979	0.027843	438	662	2	2349
298	90.741789542	130	0.0	-0.085	-0.001426	0.025138	566	633	2	2090
299	48.1446990706	50	0.0	-0.085	0.075764	-0.000427	316	473	2	2050
300	137.875602516	90	0.0	-0.085	-0.084709	-0.008394	1197	644	2	2230
427	44.7313453959	130	0.0	-0.085	0.080029	-0.005718	331	503	3	2496
428	136.850822058	50	0.0	-0.085	-0.081894	-0.008233	1163	636	3	2209
429	87.653787241	90	0.0	-0.085	0.004559	0.026271	454	656	3	2109
430	48.3625499787	130	0.0	-0.085	0.075181	-0.000433	336	498	3	2088
431	88.1183804088	50	0.0	-0.085	0.003649	0.026073	508	592	3	2129
432	137.624455689	90	0.0	-0.085	-0.082994	-0.009281	1265	643	3	2109
433	134.881481598	90	0.0	-0.085	-0.079119	-0.005553	1280	611	3	2169
434	87.9778030204	130	0.0	-0.085	0.003914	0.025851	439	621	3	2049
435	42.2867219527	50	0.0	-0.085	0.084227	-0.008395	277	441	3	2229
436	88.0119939533	90	0.0	-0.085	0.003930	0.028220	415	599	3	2169
437	136.606350511	50	0.0	-0.085	-0.080723	-0.008681	1145	663	3	2189
438	42.9737286353	130	0.0	-0.085	0.083536	-0.007173	301	444	3	2089
439	43.2954646028	130	0.0	-0.085	0.082755	-0.007028	288	420	3	2936
440	137.251278429	90	0.0	-0.085	-0.083079	-0.008206	1099	633	3	2169
441	88.0911029197	50	0.0	-0.085	0.003735	0.027065	473	649	3	2109
442	137.241275529	130	0.0	-0.085	-0.084153	-0.007186	1130	622	3	2130
443	47.1443103886	50	0.0	-0.085	0.075567	-0.003554	313	511	3	2348
444	88.2382469615	90	0.0	-0.085	0.003439	0.026808	420	609	3	2355
571	43.4052925784	90	0.0	-0.085	0.081795	-0.007636	318	553	4	4128
572	88.028461624	50	0.0	-0.085	0.003861	0.027162	520	662	4	2229
573	135.904739306	130	0.0	-0.085	-0.079600	-0.007875	1070	720	4	2189
574	47.4571055543	50	0.0	-0.085	0.076570	-0.001564	348	561	4	2149
575	135.764025235	90	0.0	-0.085	-0.079369	-0.007720	1157	653	4	2169
576	87.9473461176	130	0.0	-0.085	0.003973	0.025851	528	570	4	2070
577	90.5956441447	90	0.0	-0.085	-0.001150	0.025616	521	633	4	2070
578	48.3331821586	130	0.0	-0.085	0.075757	0.000127	293	430	4	2109
579	137.279646303	50	0.0	-0.085	-0.082031	-0.009250	1160	539	4	2149
580	44.9506812693	50	0.0	-0.085	0.079648	-0.005489	239	332	4	2069
581	136.426414084	90	0.0	-0.085	-0.081722	-0.007249	1193	609	4	2169
582	87.7231472223	130	0.0	-0.085	0.004563	0.029765	417	551	4	2109
583	88.4806747645	50	0.0	-0.085	0.002968	0.026901	390	635	4	2109
584	48.2886429446	90	0.0	-0.085	0.075307	-0.000511	246	432	4	2129
585	137.418354449	130	0.0	-0.085	-0.084337	-0.007498	1128	567	4	2089
586	88.3329891341	50	0.0	-0.085	0.003280	0.027703	470	537	4	2129
587	136.681245852	130	0.0	-0.085	-0.081151	-0.008477	1205	537	4	2209
588	45.3054094066	90	0.0	-0.085	0.079119	-0.005033	349	379	4	2109
