trial	targetangle_deg	arcangle_deg	homex_cm	homey_cm	handx_cm	handy_cm	tapx_cm	tapy_cm	block	time_ms	selected
46	83.505	90	0	0	1.3616	11.96	-0.25514	12.031	1	29698	1
47	39.584	50	0	0	9.3059	7.6942	6.986	9.508	1	29201	1
48	115.67	130	0	0	-5.2274	10.875	-6.8293	10.311	1	11763	0
48	-71.394	130	0	0	3.8493	-11.434	-8.8063	7.3007	1	22044	0
49	-77.416	90	0	0	2.6151	-11.714	-1.065	12.289	1	15278	0
50	33.253	50	0	0	10.056	6.5941	10.345	6.1827	1	7008	1
51	140.02	130	0	0	-9.3028	7.8005	-10.093	6.0393	1	5259	1
52	-79.262	130	0	0	2.2377	-11.799	-3.8042	11.601	1	3615	0
53	43.613	50	0	0	8.7204	8.3081	7.0812	8.906	1	5979	1
54	-79.304	90	0	0	2.2321	-11.817	-0.92209	12.432	1	3701	0
55	-79.606	130	0	0	2.1653	-11.804	-7.9726	9.4507	1	3715	0
56	-77.147	90	0	0	2.6986	-11.827	1.3408	12.145	1	3103	0
57	35.053	50	0	0	9.9487	6.9798	8.5104	8.6767	1	7701	1
58	-79.621	90	0	0	2.163	-11.809	-2.1369	12.031	1	4891	0
59	-79.662	50	0	0	2.1537	-11.806	4.7708	11.572	1	18611	0
60	-79.384	130	0	0	2.2145	-11.815	-9.4256	7.6447	1	31513	0
61	42.002	50	0	0	8.951	8.0601	4.4135	10.913	1	11959	1
62	67.2	90	0	0	4.6737	11.118	-0.58861	12.805	1	9863	1
63	121.97	130	0	0	-6.3896	10.236	-7.663	9.6513	1	9099	1
118	82.673	90	0	0	1.5443	12.01	0.22125	12.117	2	5010	1
119	34.443	50	0	0	9.9609	6.8314	9.4632	7.3007	2	4154	1
120	127.43	130	0	0	-7.335	9.5822	-8.8301	5.6093	2	3526	1
121	108.72	130	0	0	-3.9042	11.521	-4.8285	11.285	2	3153	1
122	64.663	50	0	0	5.2071	10.997	3.3178	11.457	2	2884	1
123	84.013	90	0	0	1.2528	11.945	-0.15986	12.518	2	2998	1
124	119.26	130	0	0	-5.9459	10.611	-7.7583	8.82	2	2999	1
125	46.816	50	0	0	8.2658	8.8072	7.772	9.1927	2	2666	1
126	79.676	90	0	0	2.1883	12.013	-1.4461	12.088	2	3240	1
127	132.45	130	0	0	-8.1759	8.9384	-10.426	5.6093	2	2879	1
128	28.655	50	0	0	10.7	5.8473	10.821	5.3227	2	2609	1
129	75.04	90	0	0	3.1109	11.643	0.0068719	12.031	2	3453	1
130	60.593	50	0	0	5.9145	10.493	3.9609	11.371	2	3285	1
131	55.603	90	0	0	6.8457	9.9991	3.9847	11.4	2	3687	1
132	130.21	130	0	0	-7.8066	9.2347	-10.688	6.154	2	4377	1
133	30.277	50	0	0	10.484	6.1209	10.559	6.2113	2	3419	1
134	72.205	90	0	0	3.7188	11.586	-1.1841	11.973	2	3647	1
135	107.7	130	0	0	-3.6923	11.569	-7.1151	10.425	2	3313	1
190	39.873	50	0	0	9.2398	7.7184	9.1059	7.5873	3	4316	1
191	78.976	90	0	0	2.3072	11.843	0.07833	11.056	3	3888	1
192	111.49	130	0	0	-4.4451	11.29	-7.5915	9.164	3	3379	1
193	115.57	130	0	0	-5.2079	10.883	-7.6392	9.5367	3	2698	1
194	15.205	50	0	0	11.733	3.189	10.892	4.8927	3	3059	1
195	98.844	90	0	0	-1.8711	12.025	-4.9238	11.486	3	3878	1
196	38.934	50	0	0	9.3559	7.5584	8.4151	8.7913	3	3324	1
197	73.015	90	0	0	3.5078	11.484	-0.13604	12.432	3	3198	1
198	114.8	130	0	0	-5.0533	10.937	-8.3061	9.5653	3	3840	1
199	146.89	130	0	0	-10.122	6.601	-10.736	4.52	3	3402	1
200	16.887	50	0	0	11.494	3.4893	10.988	5.2367	3	3484	1
201	51.428	90	0	0	7.5519	9.4697	5.2233	10.597	3	3566	1
202	102.76	90	0	0	-2.6965	11.907	-5.3287	10.827	3	3280	1
203	113.83	130	0	0	-4.937	11.177	-7.8774	9.336	3	3090	1
204	55.283	50	0	0	6.838	9.8692	4.6993	10.855	3	2826	1
205	97.072	90	0	0	-1.4902	12.012	-4.3997	11.257	3	3440	1
206	28.499	50	0	0	10.645	5.7797	10.345	6.5553	3	2985	1
207	131.37	130	0	0	-7.9367	9.011	-10.235	6.154	3	3401	1
262	68.745	90	0	0	4.3672	11.227	3.9371	11.658	4	4637	1
263	43.644	50	0	0	8.7731	8.3675	7.6291	9.25	4	3376	1
264	121.9	130	0	0	-6.4742	10.399	-7.8297	9.6513	4	2920	1
265	95.174	130	0	0	-1.0912	12.052	-2.9706	11.601	4	3026	1
266	108.32	90	0	0	-3.8301	11.567	-5.5669	11.429	4	2968	1
267	48.318	50	0	0	8.0466	9.0371	8.0578	8.7627	4	3319	1
268	58.03	50	0	0	6.4263	10.296	4.4849	10.855	4	3099	1
269	102.64	130	0	0	-2.668	11.896	-4.6141	11.601	4	3321	1
270	85.072	90	0	0	1.036	12.015	-0.30278	11.916	4	3275	1
271	115.66	130	0	0	-5.207	10.838	-8.2823	8.8773	4	3039	1
272	45.848	50	0	0	8.4674	8.7218	7.7482	9.336	4	3219	1
273	53.714	90	0	0	7.1487	9.7367	4.7231	10.913	4	3059	1
274	105.81	90	0	0	-3.2838	11.6	-5.1858	11.314	4	2869	1
275	56.348	50	0	0	6.6625	10.008	6.5334	10.053	4	2899	1
276	93.585	130	0	0	-0.7613	12.151	-3.2802	12.088	4	3359	1
277	70.661	50	0	0	3.9761	11.329	3.1749	11.687	4	2679	1
278	99.938	130	0	0	-2.0998	11.984	-4.3759	11.314	4	2947	1
279	85.235	90	0	0	1.0086	12.099	-0.27896	12.805	4	2825	1
