trial	targetangle_deg	arcangle_deg	homex_cm	homey_cm	handx_cm	handy_cm	tapx_cm	tapy_cm	block	time_ms	selected
46	93.57	90	0	0	-0.7569	12.131	-0.12702	11.579	1	5759	1
47	141.1	130	0	0	-9.4922	7.66	-7.9636	6.276	1	3793	1
48	21.019	50	0	0	11.208	4.3064	11.402	3.8107	1	3997	1
49	80.209	50	0	0	2.0555	11.912	2.8028	11.35	1	4983	1
50	134.53	130	0	0	-8.5472	8.689	-6.8441	8.2827	1	4782	1
51	62.688	90	0	0	5.5477	10.743	5.3515	10.175	1	4259	1
52	123.44	90	0	0	-6.6377	10.05	-4.6051	9.6013	1	4433	1
53	128.01	130	0	0	-7.4749	9.5639	-5.01	8.8847	1	4021	1
54	21.703	50	0	0	11.246	4.4762	11.378	3.4953	1	3483	1
55	152.24	130	0	0	-10.67	5.616	-9.1069	4.4413	1	3879	1
56	92.396	90	0	0	-0.5076	12.132	1.9691	10.719	1	3712	1
57	75.213	50	0	0	3.0797	11.667	4.9942	10.375	1	3620	1
58	113.15	90	0	0	-4.7585	11.131	-1.9611	11.379	1	3615	1
59	27.41	50	0	0	10.859	5.6312	10.782	4.0113	1	3367	1
60	110.87	130	0	0	-4.3019	11.28	-1.842	10.949	1	3839	1
61	42.841	50	0	0	8.8874	8.2416	10.02	5.3587	1	3697	1
62	150.78	130	0	0	-10.502	5.8752	-8.3447	4.8713	1	3751	1
63	66.561	90	0	0	4.8153	11.107	5.018	9.8307	1	3771	1
118	146.46	130	0	0	-10.098	6.6931	-9.893	4.7853	2	7157	1
119	32.335	50	0	0	10.463	6.6237	10.211	5.3587	2	3894	1
120	117.14	90	0	0	-5.5531	10.832	-4.7718	9.6873	2	4788	1
121	95.58	130	0	0	-1.1808	12.086	-1.9611	10.92	2	4451	1
122	88.61	90	0	0	0.2929	12.069	-0.031739	11.436	2	4147	1
123	80.531	50	0	0	2.0374	12.215	2.9219	11.006	2	3919	1
124	97.74	130	0	0	-1.6617	12.227	-1.5085	11.407	2	3945	1
125	35.255	50	0	0	10.016	7.0802	9.901	5.9033	2	4335	1
126	119.48	90	0	0	-5.9086	10.452	-4.6051	9.3433	2	3959	1
127	102.99	130	0	0	-2.7622	11.975	-0.079378	10.261	2	4017	1
128	82.82	90	0	0	1.541	12.233	3.4221	10.261	2	4407	1
129	87.111	50	0	0	0.6099	12.087	2.8981	9.974	2	4359	1
130	102.55	130	0	0	-2.619	11.765	-1.8182	10.289	2	3809	1
131	106.85	90	0	0	-3.4893	11.518	-3.8429	10.318	2	3993	1
132	19.893	50	0	0	11.333	4.1009	10.878	4.298	2	3845	1
133	138.15	130	0	0	-9.0529	8.1078	-7.5349	5.4733	2	3903	1
134	40.133	50	0	0	9.3861	7.913	9.7819	5.2153	2	3950	1
135	121.15	90	0	0	-6.2286	10.305	-4.748	9.6873	2	3802	1
190	69.02	50	0	0	4.3276	11.285	3.1124	10.949	3	11225	1
191	107.12	130	0	0	-3.5617	11.561	-2.0088	10.834	3	3655	1
192	92.079	90	0	0	-0.4372	12.044	0.30173	10.633	3	3095	1
193	80.36	50	0	0	2.065	12.158	3.1839	10.003	3	3358	1
194	65.633	90	0	0	5.1033	11.267	5.4944	9.0567	3	3304	1
195	129.99	130	0	0	-7.8406	9.3481	-6.6535	7.91	3	4847	1
196	153.6	130	0	0	-10.809	5.3653	-9.1546	4.384	3	3469	1
197	12.4	50	0	0	12.111	2.6628	10.377	4.9	3	3449	1
198	118.38	90	0	0	-5.7439	10.633	-4.2954	9.7733	3	3498	1
199	90.601	90	0	0	-0.1278	12.178	0.34937	10.662	3	3149	1
200	98.518	130	0	0	-1.7872	11.932	-2.2231	10.232	3	3289	1
201	83.948	50	0	0	1.2898	12.166	2.8504	9.5727	3	3269	1
202	70.227	90	0	0	4.0633	11.303	4.7083	10.146	3	3489	1
203	68.276	50	0	0	4.4686	11.215	4.351	9.5727	3	3489	1
204	129.78	130	0	0	-7.7688	9.33	-7.7254	6.7347	3	3949	1
205	81.313	90	0	0	1.8297	11.976	3.1601	11.035	3	4868	1
206	157.64	130	0	0	-11.128	4.5778	-9.0355	3.954	3	3769	1
207	69.027	50	0	0	4.3436	11.331	4.4463	9.7447	3	4649	1
262	154.82	130	0	0	-11.088	5.2116	-9.0831	4.298	4	4264	1
263	51.578	50	0	0	7.5348	9.499	6.1851	9.0853	4	3308	1
264	69.882	90	0	0	4.1891	11.436	4.351	9.8307	4	3030	1
265	105.41	130	0	0	-3.2629	11.838	-2.6519	10.461	4	3309	1
266	78.387	50	0	0	2.4195	11.773	2.9695	11.35	4	3229	1
267	98.624	90	0	0	-1.7995	11.865	-2.0326	10.547	4	3369	1
268	67.866	90	0	0	4.5781	11.255	3.7794	10.433	4	3509	1
269	83.738	50	0	0	1.319	12.021	3.0648	10.232	4	3450	1
270	107.98	130	0	0	-3.7482	11.553	-2.7472	10.519	4	3409	1
271	105.04	90	0	0	-3.1802	11.833	-2.2946	10.547	4	3491	1
272	38.724	50	0	0	9.692	7.7713	9.1387	6.5627	4	3570	1
273	113.17	130	0	0	-4.8345	11.294	-3.4141	9.6013	4	3386	1
274	115.64	90	0	0	-5.3222	11.09	-4.2716	10.576	4	3389	1
275	106.36	130	0	0	-3.4628	11.794	-2.6995	10.261	4	3569	1
276	75.699	50	0	0	3.022	11.855	3.8747	10.089	4	3609	1
277	52.199	50	0	0	7.3946	9.5327	6.6139	9.372	4	3389	1
278	105.1	130	0	0	-3.1728	11.762	-1.9135	9.63	4	3629	1
279	118.66	90	0	0	-5.8285	10.663	-3.9143	10.519	4	3428	1
